map_data/Download_llanbedr_terrain_2297518/terrain-50-dtm_5107397/sh/SH52.asc
ncols 200
nrows 200
xllcorner 250000
yllcorner 320000
cellsize 50
[rows 104 to 155 of 200, columns 96 to 191 of 200]
0 0 0 0 0 0 0 0 0 0.2 0.5 0.8 1.1 1.5 1.8 10.1 9.5 4.5 5.2 5.8 6.6 22.1 9.7 7.6 9 8.1 6.8 8.1 7.8 8.3 9.1 14.2 11.8 9 8.3 8.6 8.6 8.8 8.5 8.3 8.2 8 7.8 7.7 7.5 7.2 6.6 6.1 5.3 2.5 2.8 2.8 2.8 2.1 3 2.8 3.8 4.6 5.5 6.3 7.4 9.3 11.1 12.8 17.5 20.1 21.9 23.5 25.1 25.3 27.5 30.3 32.3 35.4 38.7 39.7 46.3 55.9 64.8 69.6 72.9 76.2 79.2 83.6 88 92.4 96.9 102.1 106.2 110.5 116.7 124 132.5 137.3 139.6 142.5
0 0 0 0 0 0 0 0 0 0 0.3 0.7 1 1.3 1.6 3.1 14.7 5.3 5.1 5.9 15.5 19.1 18.9 20.3 14.4 13.5 9.6 8.8 9.6 8.3 14.6 9.6 12.9 8.8 8.8 9 8.9 8.7 8.4 8.2 8.1 7.9 7.7 7.6 7.4 7.2 6.7 6.2 5.4 2.4 2.5 2.4 2.2 2.6 3 2.2 3.9 4.6 5.7 6.6 8.1 10.4 13.2 17.4 20.1 22.5 24.2 25.2 28.5 31.8 36.3 34.9 37.3 38.7 40.8 47.8 53.7 60.7 67 72.2 75.9 78.5 82.1 85.1 90.1 94.8 98.6 104.4 109.9 115.6 122.2 128.6 137.9 141 143.5 145.4
0 0 0 0 0 0 0 0 0 0 0 0.5 0.8 1.1 1.5 1.8 4.1 12.9 8.4 8.2 7.4 15.4 24.3 10.5 6.3 10.7 10.6 8.9 9 7.6 12.5 17.8 10.9 8.9 9.1 9.2 8.8 8.5 8.3 8.1 8 7.8 7.6 7.5 7.3 7.1 6.8 6.3 5.4 2 2.5 2.7 2.4 2.4 3.1 3.2 3.4 4 5.4 7.3 9.7 13.2 16.4 19.5 22.3 24.7 26.1 28.5 30.6 34.4 38.5 41.7 43.7 44.8 48.2 51.1 56.5 61.8 67.9 72.5 75.5 78.5 82.9 87.5 93.2 97 103.3 110.9 117 123.4 131 135.7 142.6 146.1 147.4 148
0 0 0 0 0 0 0 0 0 0 0 0.3 0.6 0.9 1.3 1.6 2.7 9.5 10.9 6.7 13.5 6.9 9.6 6 8.8 14.9 9.3 8.9 8.4 7.8 14.2 19.7 16.6 9.6 9.3 9.2 8.7 8.4 8.2 8 7.9 7.7 7.5 7.4 7.2 7 6.9 6.3 5.5 2.5 2.4 2.6 2.8 2.8 3.2 4.2 5.1 6 6.5 8 11 13.8 18.5 20.5 22.3 24.8 26.5 28.4 30.2 33.7 37.8 41.7 45.3 48.7 50.7 54.5 58.1 62.8 67.3 71.5 74.8 80.4 85.9 91.8 96.3 101.2 108.9 114.2 122.5 128.3 135.6 140.9 145.1 148.9 150.5 151
0 0 0 0 0 0 0 0 0 0 0 0 0.4 0.8 1.1 1.4 1.7 3.1 13.7 9.5 8.1 4.9 5.4 8.2 12.1 20.7 12 12.8 8.7 10.5 16.5 8.9 20.1 16.4 9.5 9 8.7 8.3 8.1 7.9 7.8 7.6 7.4 7.3 7.2 7 6.9 5.9 5.2 3.2 2.6 2.7 2.8 3.3 3.8 4.7 5.9 6.6 8.4 10.1 13.4 17 19 20.1 21.4 22.3 24.2 26.4 29.5 32.6 37 41.4 45.3 49.5 52.5 56.2 59.2 62.7 65.8 70 76.9 82.7 89.2 96.2 101.7 106.7 112.3 120 125.5 130.9 135.6 141.1 145 148.3 151.7 152.7
0 0 0 0 0 0 0 0 0 0 0 0 0.3 0.6 0.9 1.2 1.6 2.2 9.5 10.2 6.3 5.3 5.8 6.1 5.9 21.3 18.8 16.1 15.8 12.4 10.5 8.7 9.7 10.5 11 9.4 8.8 8.3 8.2 8 7.9 7.8 7.7 7.5 7.4 7.3 7 6.3 4.2 3.1 2.8 2.9 2.1 3.6 5 5.5 7.7 9 10.4 12 14 15.9 16.2 17 18.4 19.7 21.3 24.3 27.7 31.2 35.6 40.7 44.6 47.8 50.7 54.8 57.4 58.6 62.1 67.4 77.8 83.8 90.2 96.7 103.5 107.3 113.1 118.7 125 130.6 134.7 138.9 142.4 145.7 148.1 149.8
0 0 0 0 0 0 0 0 0 0 0 0 0 0.4 0.7 1.1 1.4 1.7 4.7 14.9 8.7 6.5 9.1 4.9 5.8 17.3 9.3 12.9 20.3 21.7 16.7 8.5 8.7 11.1 9.6 9 8.3 8.4 8.4 8.3 8.2 8 7.9 7.8 7.7 7.5 7 6.5 4.6 2.6 2.6 3 3 4.6 5.9 7.2 7.2 8.6 10.3 12.2 14.5 14.6 13.6 14.3 15.4 18.3 21.3 23.1 25.7 29.2 33.1 38 41.2 44.8 47.9 50.1 52.3 57.4 66.1 71.1 76.7 83.2 90 96.9 103.7 108.4 111.8 116.1 121.2 126.4 131 135.3 138.6 142.3 144.5 145.7
0 0 0 0 0 0 0 0 0 0 0 0 0 0.2 0.5 0.9 1.2 1.5 1.8 3.2 14.8 7.4 8.7 9.1 5.4 7.9 7.4 8.2 11.5 22.2 16.5 19.3 14.2 21 9.6 8.2 8.5 8.6 8.5 8.5 8.4 8.3 8.2 8 7.9 7.6 7 6.5 5 2.9 3.3 3.6 3.6 4.3 5.7 5.9 6.7 7.7 8.4 9.6 11.2 12.4 13.2 14.6 16.5 18.4 20.9 22.7 24 27 31 34.8 37.6 40.4 45 48.7 54.1 61.6 66.8 71.4 76.6 82.6 89 94.5 99.5 103.6 107.4 111.7 116.9 122.5 127.1 130.7 134.3 137.5 139.7 138.7
0 0 0 0 0 0 0 0 0 0 0 0 0 0 0.3 0.7 1 1.3 1.6 3.1 15.4 11.3 7.7 13.1 6.1 5.5 6.5 7.9 6.3 7.9 6.6 18.5 11.5 21.4 9.3 8.7 8.7 8.8 8.7 8.7 8.6 8.5 8.4 8.3 8.1 7.6 7.1 6.6 5.4 4.5 3.7 3.9 3.7 3 4.1 4.2 5 5.8 7.3 9 11.1 13 14.4 15.7 17.5 19.7 21.2 23.3 25.5 27.4 30.5 33.2 35.9 42.2 47.6 52.7 57.9 62.1 66.9 71 75.8 80.5 86.2 90.6 94.8 98.7 103 108.3 113.1 118.7 123.3 127 130.9 133 134.6 133.8
0 0 0 0 0 0 0 0 0 0 0 0 0 0 0 0.5 0.8 1.1 1.4 1.7 7.8 19 10 6.1 5.6 7.1 5.7 6.3 7.6 6 7.3 15.4 8.4 14.1 13.3 8.5 8.4 9 8.9 8.9 8.8 8.7 8.6 8.5 8.1 7.6 7.1 6.6 6 4.7 2.9 3.8 3.4 2.6 3.1 3.8 5 7.4 9.7 11.7 12.6 14 17.9 17.6 18.4 19.7 21.2 23.4 25.6 27.6 29.5 32.4 37.4 44.1 50.2 55.2 59.8 62.8 67 69.2 72.6 78.2 82.7 86.7 91.1 95 99.4 104.6 109.6 115.9 120.7 124.4 126.6 129.7 129.7 127.9
0 0 0 0 0 0 0 0 0 0 0 0 0 0 0 0.3 0.6 0.9 1.2 1.5 1.8 9.6 15.8 9.8 6.5 5.4 7.3 6.1 6 5.8 6.7 13.6 13.5 11.6 15.1 9.2 8.7 8.8 8.9 8.7 8.6 8.8 8.8 8.6 8.2 7.6 7.1 6.6 6.1 5.1 3.4 4 3.7 3.3 4.4 6.2 8.7 11.1 13.2 14.7 15.1 16.1 16.2 17.2 18 19.7 21.2 23.5 24.9 26.3 28.3 32.4 37.2 42.7 49.2 54.7 58.8 62.6 64.5 66.8 72 74.6 79.7 84.8 89 92.4 96.8 102.2 107.4 112.6 117 121.2 124.1 125.9 124.8 120.1
0 0 0 0 0 0 0 0 0 0 0 0 0 0 0 0 0.4 0.7 1 1.3 1.6 3.2 8.8 13.2 5.4 5.9 5.3 7.1 6.4 6 5.8 20.7 20.8 12.1 17.1 9.8 9.2 9.7 8.6 9.1 9.4 9.1 8.8 8.6 8.2 7.7 7.2 6.7 6.2 5.3 3.1 3.8 4 4.1 5.1 8 11.3 13.3 14.8 15.6 15.8 15.9 16 16.1 17.9 19.5 21.1 22.4 23.6 25 27.7 32.1 37 40.4 46.9 53 56.8 60.7 61.9 64.4 69 72.5 77.7 82.8 86.8 91.4 94.8 97.8 103.3 109.8 114.2 118.2 121.5 123.9 122.1 110.2
0 0 0 0 0 0 0 0 0 0 0 0 0 0 0 0 0.2 0.5 0.8 1.1 1.4 1.7 4.1 11.9 8.1 6.9 5.2 6.8 6 7 6.1 7.2 19.7 14.2 10.3 10.9 10.2 9.9 10.1 9.7 9.4 9.1 8.8 8.6 8.3 7.8 7.3 6.7 6.2 5.5 4.3 2.4 3 4.9 5.6 9.1 10.9 11.6 12.9 14.1 14.1 13.6 14.7 15.1 17 18.8 20.5 21.6 21.8 23.2 26.4 30.6 35.4 39 43.5 51.1 55.9 58.8 59.8 62.1 66.1 70.3 75.5 80.8 85.4 89.8 93.1 95 100.3 105.7 111.2 115.2 118.6 119.5 112.2 106.4
0 0 0 0 0 0 0 0 0 0 0 0 0 0 0 0 0 0.3 0.6 0.9 1.2 1.5 1.8 12.3 12.7 6.9 7.1 5.4 7.5 8.5 7.2 5.9 18.6 23.1 21.1 20.5 8.8 10 9.9 9.7 9.4 9.1 8.8 8.6 8.3 7.8 7.3 6.8 6.3 5.8 4.2 3 2.8 3.1 4.9 6.1 7 8.8 9.9 10.4 10.3 11.1 13.1 13.5 15 16.6 17.9 19.1 19.6 21 22.8 27.6 33.1 38.3 41 48.6 55.8 58.5 59.4 61.2 64.4 69.5 74.5 79.3 83.5 87 89.3 91.1 96.6 101.5 106.3 111.4 113.1 113.1 98.7 115.7
0 0 0 0 0 0 0 0 0 0 0 0 0 0 0 0 0 0 0.4 0.7 1 1.3 1.6 4.4 15.7 9.4 6.6 6.1 5.6 6.8 7.1 6.1 9.7 11.4 12.2 15.2 9.1 9.2 9.8 9.6 9.4 9.1 8.8 8.6 8.3 7.9 7.4 6.9 6.3 5.7 5 3.7 3.4 3.6 3.2 4.7 4.6 4.3 5.9 6.7 7.6 8.9 10.2 11.3 12.7 13.8 15.3 16.5 17.6 19.4 21.3 26.6 31.9 37.1 40.6 48.5 55.2 58.3 59.3 61.7 65.2 69.8 74.2 77.1 79.9 82.5 84.6 84.2 88 96.1 100.1 104.8 105 99.8 99.3 115.3
0 0 0 0 0 0 0 0 0 0 0 0 0 0 0 0 0 0 0.2 0.5 0.8 1.1 1.4 1.7 8.7 16.4 9.1 6.8 5.7 6.8 7.6 5.8 6 8 18.1 15.4 16.2 10 9.7 9.6 9.3 9 8.8 8.5 8.3 7.9 7.4 6.9 6.2 5.5 4.9 4.2 3.8 3.8 3.8 4.4 4.7 3.6 4.5 4.8 6 7 8.4 10.6 10.6 12.4 13.5 14.9 16.6 19.1 21.8 26 29.6 35.6 41 47.6 54.4 58.6 60.9 64 67.5 71.8 72.2 71.4 72.7 74.9 74.4 74.4 78.6 87.1 93 95.9 95.2 92.9 95.3 104.8
0 0 0 0 0 0 0 0 0 0 0 0 0 0 0 0 0 0 0 0.3 0.6 0.9 1.2 1.5 2.7 6.4 16.3 13.6 5.8 6.8 5.9 6.7 6.3 7.1 7.3 17.5 14.6 10.5 9.7 9.5 9.2 9 8.7 8.5 8.2 8 7.4 6.8 6.2 5.6 5.1 4.5 3.8 3.9 3.9 4.1 3.4 3.5 4.6 4.5 5.4 5.9 7.2 9.1 11.5 10.9 12 14.6 17.4 19.9 22.4 24.9 28.5 34.5 39.8 45.2 53.3 58.6 63.2 66.2 70.3 73.7 66.8 64 65.2 66.6 68.5 73 79 81.8 84.2 87 89.7 90.5 100.8 112.3
0 0 0 0 0 0 0 0 0 0 0 0 0 0 0 0 0 0 0 0 0.4 0.7 1 1.4 1.7 3.9 18 7.8 5.4 5.8 6.2 6.3 7 6.4 6.5 15.6 9.7 10.6 9.5 9.3 9 8.8 8.4 8.1 8.1 8 7.7 7.1 6.5 5.9 5.4 4.8 4.1 3.9 3.9 4.1 3.3 3.3 3.5 4.5 5.1 5.9 7 8.2 11.7 12.3 12.9 15.6 18 20.3 23.2 25.7 28.1 33.2 37.7 44.1 51.1 57 63.1 68.5 72.9 70.4 60.1 60.6 62.9 66.8 72.8 84.9 93.7 90.9 90.9 94.9 97.9 104.5 113 119.6
0 0 0 0 0 0 0 0 0 0 0 0 0 0 0 0 0 0 0 0 0.2 0.5 0.8 1.2 1.5 2 7.8 11.2 13.9 5.8 6.8 5.8 7 11 17.5 18.8 10.8 11.2 12 8.9 8.4 8 8.6 8.2 7.7 8 7.7 7.4 6.8 6.3 5.7 5.1 4.3 3.9 4 3.7 3.8 2.9 4.1 4.9 5.5 6.3 7.3 9.2 10.9 12.3 14.6 16.3 17.2 19.1 20.6 24.8 26.5 30.5 34.8 41.1 48.4 55.3 61.8 67.5 71.7 61.8 57.7 62.3 72.2 78.4 86 93 96.4 100.5 103.2 105.5 112.5 118.4 122.5 124.7
0 0 0 0 0 0 0 0 0 0 0 0 0 0 0 0 0 0 0 0 0 0.3 0.6 1 1.3 1.6 3.3 12.7 10.6 5.5 6.9 7 7.1 12.3 6.4 18.8 14.1 11 7.8 10.6 8.9 8.6 8.2 7.7 7.4 8 7.7 7.4 7.1 6.6 6 5.4 4.6 3.9 4 4.1 4.2 4.6 4.6 5.2 5.8 7.4 8 8.8 10.8 11.9 14.3 15.9 16.9 18.7 19.9 23.1 25.5 29 33.4 40.1 46.8 52.6 58.5 66.7 64.2 55.9 55.9 73 82.6 88.1 92.5 96.5 100.8 104.7 108.1 113.3 117.9 121.8 125.7 129.4
0 0 0 0 0 0 0 0 0 0 0 0 0 0 0 0 0 0 0 0 0 0 0.4 0.8 1.1 1.4 1.8 3 15.3 5.9 6 5.3 6.6 7.8 5.6 6.3 10.7 9.2 7 8.7 8.2 8.1 7.5 7.3 8.2 8 7.7 7.4 7.2 6.9 6.3 5.6 4.4 3.9 4 4.2 4.3 4.9 4.5 5.9 7 7.9 8.4 9.3 10.9 12.6 14.6 16 17.3 18.5 20.5 22.1 24 26.7 31.3 37.8 43.5 49.6 55.9 61.8 55.9 53.9 66 80.2 87.4 91.9 95.3 98.1 102.9 106.4 111.3 115.6 120.3 124.3 128.1 131.6
0 0 0 0 0 0 0 0 0 0 0 0 0 0 0 0 0 0 0 0 0 0 0.2 0.5 0.9 1.2 1.6 2.2 4.3 15.6 8.6 8.3 6.1 5.5 7.1 7.7 7.1 7.2 8.1 10.2 7.7 7.5 7.2 7.1 8.2 8 7.7 7.4 7.2 6.9 6.6 5.6 4.3 4.1 4.1 4.2 4.7 3.5 5 5.8 6.7 7.8 8.8 10 12 13 14.5 16.3 17.1 19 20.4 21.3 22.5 24.2 27.6 33.3 41.4 48 54.9 54.6 53.4 55.1 70.7 83.3 87.8 91.4 95.3 99 102.5 107.9 111.9 117.1 121.9 126.4 130.5 133.8
0 0 0 0 0 0 0 0 0 0 0 0 0 0 0 0 0 0 0 0 0 0 0 0.3 0.7 1 1.3 1.7 3.3 5.7 20.1 9.3 9.9 5.6 5.5 5.9 15.1 10.7 9.9 7.8 8.1 7.1 7.4 7.5 7.5 8 7.8 7.5 7.2 6.9 6.5 5.7 4.6 5.4 4.4 4.3 4.6 4.4 5.6 6.1 7 8 9.2 11 12.2 13.4 14.4 15.7 17.5 19.5 21.2 22 23.1 24.8 27.9 31.5 38.3 47.1 49.1 49.6 52.3 58.5 70.8 82.4 87.2 91.4 95.1 98.4 102.7 107.8 112 116.9 121.6 126.9 132.5 135.9
0 0 0 0 0 0 0 0 0 0 0 0 0 0 0 0 0 0 0 0 0 0 0 0 0.5 0.8 1.1 1.5 1.8 3.4 12.4 11.8 14.2 9.2 8.7 6.2 12.4 9.6 7 7.4 6.9 7 6.9 6.8 6.8 7.8 7.8 7.5 7.3 6.8 6 5.5 5.2 4.9 4.7 4.5 4.9 5.5 6.2 6.4 7.4 8.9 10.1 11 12.2 13.6 14.9 16.1 17.8 19.9 21.8 22.8 24.1 25.7 27.1 32.6 39.3 46.8 47.9 48.6 51.3 57.9 72.6 83.2 87.8 91.3 93.8 98.3 103.3 107.2 113.1 119 123 129 134.3 136.7
0 0 0 0 0 0 0 0 0 0 0 0 0 0 0 0 0 0 0 0 0 0 0 0 0.3 0.6 0.9 1.3 1.6 2.5 3.8 6.7 9.6 13 10.3 7.5 5.6 9.9 7.4 7.5 6.8 7 7.1 7.3 6.6 7.2 7.9 7.6 7.1 6.6 6.3 5.7 5.2 4.9 4.6 4.5 4.7 5.2 4.8 7.1 7.9 8.7 10.7 11.2 12.4 14.3 15.4 16.5 18 20.2 22.3 23.7 25.2 26.7 28.1 35 44.1 45.6 44.4 46.8 57.5 68.2 76.5 81.9 86.9 89.5 91.9 97.5 101.6 107.1 116.1 121.3 126.5 131.4 135.1 137.3
0 0 0 0 0 0 0 0 0 0 0 0 0 0 0 0 0 0 0 0 0 0 0 0 0 0.4 0.7 1.1 1.4 1.7 2.5 2.9 7.3 8.5 12.6 15.4 11.9 12 7.7 6.6 6.8 6.9 7.1 6.3 6.1 6.8 7.6 7.6 7.3 7 6.7 5.8 5.3 4.9 4.6 4.4 4.7 5.1 4.9 7.5 8.2 9 10.4 11.8 12.6 14.5 16.2 17.2 18.3 20.4 22.4 24.5 26 27.4 29.2 35.7 41.7 41 41.6 49.5 66.6 72.4 78.1 82.4 85.7 86.9 90.2 94.8 100.6 108.8 117 121.9 127.5 132.1 134.8 137.1
0 0 0 0 0 0 0 0 0 0 0 0 0 0 0 0 0 0 0 0 0 0 0 0 0 0.2 0.5 0.8 1.1 1.4 1.7 2.1 12.8 6.3 6.5 5.3 17 21 12.9 6.8 6.8 6.8 6.4 6.2 6.1 6.7 7.2 7.6 7.7 7.4 7.1 6 5.4 4.9 4.6 4.4 4.6 5 5.3 6.6 8.2 9.2 11 12.5 13.3 14.6 16.3 17.7 19.5 20.9 22.4 24.5 26.5 28.1 30.3 33.8 36.7 38.2 44.3 53 62.1 73.2 78.9 80.1 82.2 84.7 90 97.5 103.9 110.3 117.2 122 126.6 131.5 134.5 137
0 0 0 0 0 0 0 0 0 0 0 0 0 0 0 0 0 0 0 0 0 0 0 0 0 0 0.3 0.6 0.9 1.2 1.5 1.7 7.5 9.5 7.4 13.6 7.4 10.4 23.2 9.9 6.8 6.8 6.5 6.1 5.9 6.4 6.8 7.2 7.6 7.8 7.5 6.1 5.6 5.1 5 4.4 4.6 5.3 5.9 7 8.7 9.8 10.8 12 13.2 14.5 15.9 18 20.7 21.8 22.9 24.3 26.2 27.4 29.5 31.6 34.1 37 45.5 53 61.5 73.2 77.7 76.5 80.2 86.9 92.9 97.7 102.8 109.8 117 121.4 125.9 130.5 134.4 136.9
0 0 0 0 0 0 0 0 0 0 0 0 0 0 0 0 0 0 0 0 0 0 0 0 0 0 0 0.4 0.7 1 1.2 1.5 1.8 2.7 10.3 3.8 4.1 4.7 16.8 15.1 13.1 6.7 6.3 5.9 5.9 6.2 6.5 6.9 7.2 7.5 7.9 6.4 6 5.7 5.9 5.8 5.6 5.5 5.5 6.3 7.3 9.5 10.6 11.6 12.8 14 15.2 17 20.2 21.5 22.6 24 25.4 26.9 29.2 31.2 33.3 36.2 43.6 54 60 67.3 72.5 73.8 80.6 85.8 91.3 96.4 101.6 108.7 116.5 120.9 125.2 129.8 134.3 136.8
0 0 0 0 0 0 0 0 0 0 0 0 0 0 0 0 0 0 0 0 0 0 0 0 0 0 0 0.2 0.4 0.7 1 1.3 1.6 2 4.8 7.6 4.2 4.4 4.8 9.4 13.9 6.4 6 5.8 6 6.1 6.5 6.8 7.1 7.5 7.7 7 6.4 6.2 6.4 6 5.6 5.2 5.4 6.3 7.7 9.6 10 11.9 12.5 13.7 14.9 16.8 19.6 20.9 22.2 23.6 25.2 26.9 29.1 30.2 33.1 34.6 42.4 50.6 57.8 60.1 65.7 74 78.9 84 88.9 94.9 101 107.9 115.5 119.8 124.1 129.1 133.6 136.6
0 0 0 0 0 0 0 0 0 0 0 0 0 0 0 0 0 0 0 0 0 0 0 0 0 0 0 0 0.2 0.5 0.8 1.1 1.3 1.6 2.8 10 4.4 4.8 4.4 8.2 9.4 7 5.8 5.8 6 6.2 6.4 6.8 7.1 7.3 7.5 7.3 6.6 6.4 6.1 5.8 5.5 5.2 4.9 6 8.1 8.9 9.5 11.7 12.1 13.4 14.6 15.8 17.7 19.4 21 23 24.8 26.7 26.7 29 31.1 35.3 39.8 45.6 53.4 59.4 66.5 72.6 77.1 81.9 86.4 93.2 100.3 108 114.2 118.3 123.1 128.4 132.5 135.5
0 0 0 0 0 0 0 0 0 0 0 0 0 0 0 0 0 0 0 0 0 0 0 0 0 0 0 0 0 0.3 0.6 0.8 1.1 1.4 1.7 4.5 8.1 5.3 5.7 5.9 10.2 7.3 5.8 5.9 6.1 6.2 6.4 6.7 7 7.2 7.4 6.8 6.6 6.6 6.4 6.1 5.8 5.5 5.6 6.6 7.5 8.3 9.3 11.5 12.2 13.8 15.1 15.7 16.9 18.5 20.2 22.4 24.2 24.3 25.6 28.4 30.7 33 37.2 42.6 50 60 67.2 71.4 74.9 79.3 83.4 92.7 99.2 107.9 114.3 118.6 122.6 126.7 131.3 134.5
0 0 0 0 0 0 0 0 0 0 0 0 0 0 0 0 0 0 0 0 0 0 0 0 0 0 0 0 0 0 0.3 0.6 0.9 1.2 1.5 1.9 3.5 12.2 11.6 7.2 6.9 6.1 6.8 6.1 6.2 6.3 6.4 6.6 6.8 7 7.1 6.9 6.7 6.7 6.7 6.5 6.2 5.9 6 5 7.4 8.4 9.4 10.5 11.4 12.5 13.7 14.9 16.1 17.7 20.4 21.8 22.5 23 24.6 26.7 29.1 32.4 35.3 41.9 50.1 59.5 64.7 70.3 73.4 78.3 85.1 93.6 99.2 107.2 113.7 118.3 122.7 126.7 130.4 133.6
0 0 0 0 0 0 0 0 0 0 0 0 0 0 0 0 0 0 0 0 0 0 0 0 0 0 0 0 0 0 0 0.4 0.7 1 1.3 1.6 2.6 5.2 7.6 14.1 9.4 8.5 9.7 6.2 6.1 6.1 6.4 6.8 6.9 7.1 7 6.9 6.8 6.8 6.8 6.7 6.5 6.2 6.3 6.3 7.2 8.3 9.3 9.3 10.5 11.6 12.9 14.1 15.2 16.8 19 20.3 21 21.7 23.5 25.1 27 31.7 33.7 41 47.2 56.5 62.9 67.1 71.4 80.6 84.3 92.6 98.4 105.7 112.9 117.6 122.5 126.5 129.9 133.1
0 0 0 0 0 0 0 0 0 0 0 0 0 0 0 0 0 0 0 0 0 0 0 0 0 0 0 0 0 0 0 0 0.5 0.8 1.1 1.4 1.8 2.9 5 15.6 10.4 9.7 15.8 7.1 5.7 6.1 6.5 7 7.1 7.1 6.9 7 6.9 6.9 6.9 6.8 6.8 6.6 6.6 5.7 6.8 7.7 8.4 8.4 9.6 10.7 11.9 13.2 14.3 16.1 17.8 18.8 19.6 21.3 22.1 23.6 26.2 30.1 33.8 38.7 43.6 50.5 60.4 64.6 70.9 78.2 82.7 90.8 97.2 104.3 111.2 116.7 121.8 125.9 129.4 132.1
0 0 0 0 0 0 0 0 0 0 0 0 0 0 0 0 0 0 0 0 0 0 0 0 0 0 0 0 0 0 0 0 0.3 0.6 0.9 1.2 1.5 2 3.3 10.7 8.5 8.7 7.8 9.7 5.7 6.2 6.6 7.1 7.3 7.1 6.9 7.8 7.2 7 7 6.9 6.9 6.9 6.4 6.1 6.1 6.8 7.3 7.8 8.7 9.8 11 12.3 13.6 15.3 16.4 18.4 18.3 19.7 20.9 24.1 25.6 29.3 32.6 37.1 42.1 50.6 56.7 62.9 69 77.1 82 89.9 97.8 102.3 109.6 115.7 120.9 125.2 127.8 131.3
0 0 0 0 0 0 0 0 0 0 0 0 0 0 0 0 0 0 0 0 0 0 0 0 0 0 0 0 0 0 0 0 0 0.3 0.7 1 1.3 1.6 2.3 4.6 6.2 4.3 5.5 9.9 7.2 6.1 6.6 7 7.2 7 6.7 8.1 7.8 7.6 7.1 7 7 6.6 6.2 5.2 6.2 5.8 7 7.6 8 9 10.1 11.6 13.1 14.1 15.1 16.1 17.2 19.4 20.9 23.4 24 27 29.9 37 44.2 50.2 54.3 61.1 72.3 76 84.2 89.8 97 101.7 108 113.6 120.2 123.7 125.8 129.9
0 0 0 0 0 0 0 0 0 0 0 0 0 0 0 0 0 0 0 0 0 0 0 0 0 0 0 0 0 0 0 0 0 0 0.5 0.8 1.1 1.4 1.7 3.6 11.5 8.2 5 11.2 6.9 5.7 5.7 5.8 6.1 6.6 6.9 8.1 8 7.7 7.5 7.3 6.8 6.4 5.9 5.5 6.4 6.9 6.5 7 7.7 8.5 9.1 10.4 12 13 14.1 15.2 16.3 18.1 19.2 20.9 23.2 26.1 28.8 35.2 44.1 48.6 53.5 62.5 71.2 74.8 83.6 88.8 93.9 102.6 106 111 115.4 120.5 124.5 129.7
0 0 0 0 0 0 0 0 0 0 0 0 0 0 0 0 0 0 0 0 0 0 0 0 0 0 0 0 0 0 0 0 0 0 0 0.5 0.9 1.2 1.5 1.8 5.9 6.9 13.8 8.9 11.7 5.5 5.6 6 5.9 6.3 6.8 7.9 8.3 8.3 8.1 7.8 7.1 6.6 6.2 5.5 5.9 6.5 6 6.7 7.6 8.2 8.7 9.2 10 11.3 12.6 14 15.3 17.1 18.8 20.6 22.5 25.7 28.9 32.9 40.9 46.7 52.6 60.7 68.9 74.4 80.5 85.4 90.7 97.3 101.1 105.9 111.3 118.8 124.1 128.5
0 0 0 0 0 0 0 0 0 0 0 0 0 0 0 0 0 0 0 0 0 0 0 0 0 0 0 0 0 0 0 0 0 0 0 0.3 0.6 0.9 1.3 1.6 2.9 6 9.8 11.3 12.7 5.9 6.1 5.5 5.9 6.2 6.6 7.5 7.9 8.3 8.6 8.3 7.4 6.9 6.2 5.5 5.8 6.2 6.4 6.7 7.3 7.9 8.5 9.1 9.5 11.8 12.6 13.5 15.1 18.2 20 21.8 25.6 27.8 31.4 34.6 39.5 44.4 49.1 57.5 65.1 69.7 76.4 83.3 87.7 91.7 96.1 102.5 111.1 116.8 121.5 127.1
0 0 0 0 0 0 0 0 0 0 0 0 0 0 0 0 0 0 0 0 0 0 0 0 0 0 0 0 0 0 0 0 0 0 0 0 0.4 0.7 1 1.3 1.7 3.4 7.4 5.5 9.7 13 7.9 5.5 5.9 6.2 6.5 7.2 7.5 7.7 7.7 8.4 7.8 7 6.3 5.6 5.1 5.6 6.1 6.6 7.2 7.8 8.4 8.8 10.1 11.8 11.8 13.3 14.8 17.2 21.1 24 26.5 28.9 32.1 35.5 38.9 41.4 44.9 52.4 60.3 65.3 71.6 78.9 83.5 87.8 95.7 103.7 109.8 114.4 119.9 125.5
0 0 0 0 0 0 0 0 0 0 0 0 0 0 0 0 0 0 0 0 0 0 0 0 0 0 0 0 0 0 0 0 0 0 0 0 0 0.4 0.8 1.1 1.4 1.7 6 6 8.2 10.4 8.2 6.2 6 6.3 6.6 6.9 7.2 7.5 7.8 9.8 10.3 8.7 7.6 6 5.9 6.2 5.9 6.4 7 7.6 8.2 9.5 9.2 11.4 12.6 13.6 14.6 16.2 20 24.8 27.5 30.8 33.4 36.7 38 40.8 45 51 60 65.8 71.7 77.2 82.6 88 95.8 103.2 109.6 112.8 118.5 123.7
0 0 0 0 0 0 0 0 0 0 0 0 0 0 0 0 0 0 0 0 0 0 0 0 0 0 0 0 0 0 0 0 0 0 0 0 0 0 0.5 0.8 1.1 1.5 1.9 5.3 11.8 4.4 4 6.3 6.3 6.3 6.7 6.9 7.3 7.7 8.1 11.1 10.4 10.1 9.6 9.2 7.8 7.2 7.2 6.6 7.1 7.7 8.2 9.3 10.3 11.4 12.8 14 15.5 17.1 18.7 24.2 27.4 30.1 34 36 37.8 43 47.6 53.5 60 66.1 72.6 77.9 83.3 89.3 95.5 102.1 108 112.5 116.9 121.3
0 0 0 0 0 0 0 0 0 0 0 0 0 0 0 0 0 0 0 0 0 0 0 0 0 0 0 0 0 0 0 0 0 0 0 0 0 0 0.2 0.5 0.8 1.2 1.5 3.9 4.7 6.9 11.8 7.8 6.2 6.5 6.9 6.8 7.2 7.7 9.3 10.4 11.6 10.6 10.3 10.6 9.8 9.5 9.1 7.6 7.7 8.2 8.8 9.4 10.1 11.3 12.9 14.6 15.8 17.1 18.4 23.7 26.3 29.2 33.1 35.9 39.5 47.9 50.7 54.8 60.3 66.4 73.4 78.8 83.9 88.6 94.5 100.5 105.8 110.7 115.6 121.7
0 0 0 0 0 0 0 0 0 0 0 0 0 0 0 0 0 0 0 0 0 0 0 0 0 0 0 0 0 0 0 0 0 0 0 0 0 0 0 0 0.5 0.9 1.3 1.7 4.9 11.9 5.2 5.4 9.3 7 7.1 6.7 7.2 7.6 8.1 8.8 10.4 11 11.6 11.9 11.7 11.8 10.9 9.4 8.6 8.8 9.3 10.1 11 11.4 13.3 14.6 15.7 17.2 18.7 22.2 25.7 27.8 30.9 34 38.6 45.2 48.2 52.6 57.7 65.9 71.7 77.9 83 87.9 93.9 99.9 104.3 109.1 114.9 121
0 0 0 0 0 0 0 0 0 0 0 0 0 0 0 0 0 0 0 0 0 0 0 0 0 0 0 0 0 0 0 0 0 0 0 0 0 0 0 0 0.3 0.6 1 1.4 1.8 5.9 9 8.8 8.7 6.9 7.3 6.6 7 7.4 7.9 8.3 10.2 11.3 12.5 13.1 12.8 12.5 11.8 11.1 11.4 11 10.9 11.3 12.1 13.1 14.2 14.8 15.5 16.3 18.3 20.9 24.1 26.2 29.6 32.6 36 40.9 45.7 50.8 55.9 64.8 69.4 73.6 80.3 86.3 91.8 98.1 103.2 109.6 114.7 119.9
0 0 0 0 0 0 0 0 0 0 0 0 0 0 0 0 0 0 0 0 0 0 0 0 0 0 0 0 0 0 0 0 0 0 0 0 0 0 0 0 0 0.3 0.7 1.1 1.5 2.6 6.4 5.3 8.1 8 7.2 7 7.7 7.2 7.6 8 9.1 10.3 11 11.4 11.5 11.2 11.3 11.9 12.3 13.2 13.5 13.7 13.2 14 14.6 15.7 17.1 16.9 17.5 20.3 23.1 24.9 27.7 33.3 34.1 37.9 43.6 52.4 59.1 65 69.3 73.9 79.6 85.6 90.8 97.9 104.7 109.6 113.8 118.4
0 0 0 0 0 0 0 0 0 0 0 0 0 0 0 0 0 0 0 0 0 0 0 0 0 0 0 0 0 0 0 0 0 0 0 0 0 0 0 0 0 0 0.4 0.8 1.2 1.6 5.6 7.8 7.8 7.6 7.6 7.9 6.7 7.4 7.8 7.7 8.1 9.1 9.3 9.6 9.8 10 10.2 11.7 12.6 13.4 14.1 15.7 15.7 15.1 15.2 16.1 17.2 17.5 18.6 19.9 22.7 24.8 28 30.7 33.6 38.4 46.4 52.8 57.5 63.2 69.6 73.5 78.8 84.9 90.8 100.1 104.7 109.1 113.4 117.4
0 0 0 0 0 0 0 0 0 0 0 0 0 0 0 0 0 0 0 0 0 0 0 0 0 0 0 0 0 0 0 0 0 0 0 0 0 0 0 0 0 0 0 0.5 0.9 1.3 1.7 8.5 5.8 9.4 12.2 7.3 7.3 7.5 7.1 7.4 8.1 8.8 8.8 8.6 9.2 10.1 10.2 11.1 12 12.8 13.7 15.4 15.6 17.9 17.5 16.8 17.6 18.5 19.6 20.5 23.7 27 29.6 31.5 35.4 39.6 44.1 51.9 58 63.2 69 73.3 77.5 84.5 90.8 99 104.5 107.5 111.9 116.3
0 0 0 0 0 0 0 0 0 0 0 0 0 0 0 0 0 0 0 0 0 0 0 0 0 0 0 0 0 0 0 0 0 0 0 0 0 0 0 0 0 0 0 0 0.6 1 1.4 1.8 10.3 5.8 6.3 10.3 6.6 6.5 6.6 6.8 7 7.5 7.2 7.8 9.3 10.1 10.3 10.6 11.5 12.4 13.4 14.4 15.5 16.9 17.4 17.5 17.8 18.7 19.8 20.9 26.1 28.9 29.9 32.5 35.6 40.7 44.5 49.5 54.2 61.6 67.7 71.8 77.5 85.3 91.6 97.2 102.2 106.3 109.8 113.4
0 0 0 0 0 0 0 0 0 0 0 0 0 0 0 0 0 0 0 0 0 0 0 0 0 0 0 0 0 0 0 0 0 0 0 0 0 0 0 0 0 0 0 0 0.4 0.8 1.2 1.5 3 4.6 11.8 6.6 6.3 6.9 6.6 6.9 6.9 6.1 5.8 7.3 9 10.4 10.6 10.8 11.1 12 13 14 15 15.7 16.4 17.5 19.4 20.6 21.2 21.5 25.6 27.7 29.5 32.9 35.3 40.4 44.5 48 53.5 62.2 67 71.8 78 82.7 88.7 93.9 99.1 104.6 108.7 111.9
0 0 0 0 0 0 0 0 0 0 0 0 0 0 0 0 0 0 0 0 0 0 0 0 0 0 0 0 0 0 0 0 0 0 0 0 0 0 0 0 0 0 0 0 0 0.5 0.9 1.3 1.6 3 4.3 9.4 7.1 6.4 6.7 6.9 6.4 5.3 5.1 6.8 7.9 9.3 11.3 11.5 11.4 11.7 12.6 13.6 14.4 15.1 16.6 17.3 19.8 22.6 22.9 23.6 23.9 26.3 28.5 32 34.9 40.1 44.3 47.3 55.6 61 65.5 71.1 74.9 82.1 87 92 97.3 102.6 107.2 108.7
