map_data/Download_llanbedr_terrain_2297518/terrain-50-dtm_5107397/sh/SH52.asc
ncols 200
nrows 200
xllcorner 250000
yllcorner 320000
cellsize 50
[rows 0 to 51 of 200, columns 96 to 191 of 200]
0 0 0 0 0 0 0 0 0 0 0 0 0 0 0 0 0 0 0 0 0 0 0 0 0 0 0 0 0 0 0 0 0 0 0 0 0 0 0 0 0 0 0 0 0 0 0 0 0 0.5 1.1 1.6 11.4 15.2 17.7 42.8 57.8 73.6 87.5 96.4 106.4 113.3 120.6 125.2 135.1 142.2 150.5 157.6 164.1 169.8 173.9 176.6 178.6 177.9 177 178.1 179.2 181.4 182.7 183.3 182.7 181.5 180.9 181.8 182.5 183.2 182.2 180 176.1 170.5 166.2 170.3 179.4 181.2 176.9 175.5
0 0 0 0 0 0 0 0 0 0 0 0 0 0 0 0 0 0 0 0 0 0 0 0 0 0 0 0 0 0 0 0 0 0 0 0 0 0 0 0 0 0 0 0 0 0 0 0 0 0.5 1 1.6 10.7 9.4 29.9 51.2 64 75.8 89.8 100.6 105.7 111.3 117.6 126.7 136.2 143.1 151.5 158.5 164.2 169.2 173.8 175.8 176.9 177.9 177.2 177.2 178 178.6 179 179.4 179.3 178.6 178.1 178.8 179.7 180.1 180.2 177.9 174.6 167.8 160 161.6 172.9 174.1 173.8 173.2
0 0 0 0 0 0 0 0 0 0 0 0 0 0 0 0 0 0 0 0 0 0 0 0 0 0 0 0 0 0 0 0 0 0 0 0 0 0 0 0 0 0 0 0 0 0 0 0 0 0.4 1 1.5 8.9 18.2 46 54.6 65.8 78.1 90.4 100 106.2 111.5 117.5 125.5 136.4 143.6 151.7 157.6 163.3 167.8 171 173.8 175.4 176.9 177.1 177.1 176.6 173.8 173.6 176.1 176.2 175.7 175.7 176.3 177 177 177 176 171.5 163.1 156.5 153.5 173.5 173.5 173.9 168
0 0 0 0 0 0 0 0 0 0 0 0 0 0 0 0 0 0 0 0 0 0 0 0 0 0 0 0 0 0 0 0 0 0 0 0 0 0 0 0 0 0 0 0 0 0 0 0 0 0.4 0.9 1.5 7 36 50.9 59 67.9 80.6 93.7 102.1 107.8 113.3 118.7 128.4 136.7 143.8 149.6 155.8 160.7 162.9 165.6 169.3 173.5 175.2 175.6 175.7 172.5 169.7 168.8 170.1 173.1 172.8 173.5 174.2 174 173.7 173.2 172.2 167.6 157.3 149.5 148.2 151.4 163.6 166.5 164.8
0 0 0 0 0 0 0 0 0 0 0 0 0 0 0 0 0 0 0 0 0 0 0 0 0 0 0 0 0 0 0 0 0 0 0 0 0 0 0 0 0 0 0 0 0 0 0 0 0 0.4 0.9 1.5 8.1 49.9 58.1 65 79.4 92.8 97.5 102.6 108.4 114.2 119.9 127.7 137.5 142.9 148.4 153 156.3 158.8 161 166.4 170.8 172.4 171.2 169.7 167 164.8 161.9 162.6 168.6 171 171.6 172.3 171.4 170 169.3 168.4 162.2 154.2 145.1 139.6 140.5 154.3 163 170.2
0 0 0 0 0 0 0 0 0 0 0 0 0 0 0 0 0 0 0 0 0 0 0 0 0 0 0 0 0 0 0 0 0 0 0 0 0 0 0 0 0 0 0 0 0 0 0 0 0 0.4 0.9 1.5 15.7 53.8 62.8 74.3 87.7 92.8 97.8 102.2 107.7 113.6 120.5 126.9 134.9 139.5 143.5 147.2 149.7 153.3 157 165.9 169.4 170 167.9 166.9 163.7 159.9 157.3 158.6 163.1 165.9 169.1 169.3 167.6 166 164.9 163.7 157.2 150.3 143.2 137.2 138.4 148.6 174.6 171.3
0 0 0 0 0 0 0 0 0 0 0 0 0 0 0 0 0 0 0 0 0 0 0 0 0 0 0 0 0 0 0 0 0 0 0 0 0 0 0 0 0 0 0 0 0 0 0 0 0 0.4 1.1 1.7 25.8 53.2 65.6 80.4 88.9 92.1 96.4 101.6 105.8 111.1 117.8 123.6 129.6 133.8 136.8 141.1 145.5 149 153 162.3 168.2 168.4 166 164.1 162.9 158.6 154.8 155.6 160.1 163.4 164.1 164.3 162.7 159.9 159.4 157.4 150.3 144.9 139 135.6 136.7 144.6 172.2 172.4
0 0 0 0 0 0 0 0 0 0 0 0 0 0 0 0 0 0 0 0 0 0 0 0 0 0 0 0 0 0 0 0 0 0 0 0 0 0 0 0 0 0 0 0 0 0 0 0 0 0.5 1.3 8.3 46.9 60 76 81.3 85.6 89.3 92.9 98.1 101.7 105.6 111.8 119.4 125 128.9 132.5 136.3 142.9 147.2 151.7 160.8 165.3 165.6 164.3 162.8 163.5 160.3 153.8 150.1 156.4 156.7 157.8 158.9 155.3 152.7 153.7 151 142.3 136.3 135.5 134.1 135.5 156.3 167.9 171.5
0 0 0 0 0 0 0 0 0 0 0 0 0 0 0 0 0 0 0 0 0 0 0 0 0 0 0 0 0 0 0 0 0 0 0 0 0 0 0 0 0 0 0 0 0 0 0 0 0 0.8 1.7 38.6 54.5 69.4 76.7 79.3 81.8 84.5 89 93.2 97.1 99.9 105.4 112.7 119.2 125.6 130.9 135.9 142.5 146.9 149.6 156.6 161.3 162.2 160.7 160.8 162.4 161.1 155 145.2 146 147.4 150.6 151.8 147.6 142.5 149.2 148.2 138.9 134.1 138.2 132.7 128.8 145.4 172.9 169.8
0 0 0 0 0 0 0 0 0 0 0 0 0 0 0 0 0 0 0 0 0 0 0 0 0 0 0 0 0 0 0 0 0 0 0 0 0 0 0 0 0 0 0 0 0 0 0 0 0 1.4 17.6 51.6 63.3 69.3 72.4 74.9 77.1 80.9 85.2 87.7 90.8 95.5 101.8 111.2 117.3 123.1 131.2 136 142.1 144.7 147.2 151.5 154.7 158.1 157 157.9 159.5 159.8 153.8 142.6 136.4 138.2 142.8 142.7 140.2 135.2 139.4 139.3 132.8 128.5 129.5 132.2 125.7 125.9 149.6 163.9
0 0 0 0 0 0 0 0 0 0 0 0 0 0 0 0 0 0 0 0 0 0 0 0 0 0 0 0 0 0 0 0 0 0 0 0 0 0 0 0 0 0 0 0 0 0 0 0 1 5 49.9 56.6 62.3 64.8 67.4 70.2 73.2 76.6 79.1 81.2 86.4 94.9 102.5 115 120.6 126.8 130.5 136.5 141.5 143 144.3 147.1 150.7 152.8 154.1 155.1 156 154 147.9 137.8 133.2 130.3 132.3 132.3 130.4 126.6 136.1 137 131.9 128.4 127.1 127.2 124.3 122.7 134.7 148.6
0 0 0 0 0 0 0 0 0 0 0 0 0 0 0 0 0 0 0 0 0 0 0 0 0 0 0 0 0 0 0 0 0 0 0 0 0 0 0 0 0 0 0 0 0 0 0 0 1.8 35.8 52.5 55.6 58 60.3 62.9 66.5 68.3 71.7 72.9 79.3 87.5 96.6 105.4 114.9 121 125.9 131.2 136.8 140.3 140.6 141 142.1 146.1 149.5 151 151.7 151.1 147.8 139.4 133.6 130.5 123.3 117.9 118.2 116.6 119.8 131.1 135.3 131.4 127.9 126.2 127.1 125.3 121.9 122.1 126.3
0 0 0 0 0 0 0 0 0 0 0 0 0 0 0 0 0 0 0 0 0 0 0 0 0 0 0 0 0 0 0 0 0 0 0 0 0 0 0 0 0 0 0 0 0 0 0 1.4 17 49.6 49.7 51.5 53.3 55.7 58 61.9 63.6 64.8 67.9 78.4 86.4 93.4 103.1 113.8 120.6 127.5 130.5 134.4 134.6 134.9 133.4 136.7 141 144.9 147.3 147.1 144.7 138.7 132.4 130.3 126.7 120.4 111.9 109.1 109.3 119.8 133.1 136.2 131.9 128.1 126.5 129.1 123.7 119.5 126.3 125.6
0 0 0 0 0 0 0 0 0 0 0 0 0 0 0 0 0 0 0 0 0 0 0 0 0 0 0 0 0 0 0 0 0 0 0 0 0 0 0 0 0 0 0 0 0 0 1.1 4.5 45.4 48.6 47.3 48.4 49 50.3 52.2 54.1 56.3 59.6 67 75.7 84.1 91.4 100.6 114.2 122.6 127.7 130.3 131 130 129.1 129.8 132.2 138.9 142.4 143.2 140.7 135.8 131 129.3 128.7 125.8 119.5 111.2 108.5 108 116.5 134.4 137.1 134.4 128.7 132 121.6 117.2 117.5 129.2 126.3
0 0 0 0 0 0 0 0 0 0 0 0 0 0 0 0 0 0 0 0 0 0 0 0 0 0 0 0 0 0 0 0 0 0 0 0 0 0 0 0 0 0 0 0 0 0.9 2.2 28.3 47.6 45.5 45.5 44.3 42.9 44.5 46.5 48.9 51.9 57.6 61.5 68.3 74.3 82.3 92.9 113.5 122.8 127.7 128.9 127.8 125.8 127.2 129 132.2 134.7 134.6 136.5 133.2 128.7 127.3 127.1 127.3 123.8 118.9 111.4 108.2 107.7 116.1 133.1 133.9 130.3 125.2 129.7 119.1 116.3 114.7 126.1 125.3
0 0 0 0 0 0 0 0 0 0 0 0 0 0 0 0 0 0 0 0 0 0 0 0 0 0 0 0 0 0 0 0 0 0 0 0 0 0 0 0 0 0 0 0 0 1.6 14.6 44.4 45.2 43.5 40.9 39.4 39.8 41.5 44.1 47.7 48.8 52.6 55.8 61 65.5 73.5 85.9 109.6 120.4 122.9 125 123.3 123.5 125.4 126.3 127.5 129.9 131.3 132.7 128.6 126.4 125.7 126.3 125.4 121.9 118.6 112.5 108 107 112.9 126.1 126.8 127.1 125.5 120.3 121.4 114 111.4 113.8 117.4
0 0 0 0 0 0 0 0 0 0 0 0 0 0 0 0 0 0 0 0 0 0 0 0 0 0 0 0 0 0 0 0 0 0 0 0 0 0 0 0 0 0 0 0 1.2 5.5 30.7 37.6 38.5 38.5 37.4 36.6 37 39.2 42 45 46.9 47.3 49.7 52.8 55.3 61.5 81.9 104.8 118.3 119.1 120 119.8 120.6 121.9 123 123.9 127.3 130.4 128.8 127 124.8 125 125.6 123.3 120.6 118 114.1 108.5 106.7 107 114.2 120 122.7 118.2 117.6 119.9 110 107.7 112.5 115.4
0 0 0 0 0 0 0 0 0 0 0 0 0 0 0 0 0 0 0 0 0 0 0 0 0 0 0 0 0 0 0 0 0 0 0 0 0 0 0 0 0 0 0 0 1.9 22.5 29.1 32.4 34.5 35.1 34.2 33.3 33.5 34.4 36.7 39.9 42 43.6 44 45.6 48.8 52.7 73.6 97.7 108 114.6 114.7 115.2 114.8 115 116.3 120.9 126 127.6 125.5 123.8 123.3 124.9 123.8 121.2 118.7 116.9 114.4 109.7 106.3 105.2 107.7 117.2 115.8 116.7 115.7 115.5 108.8 104.3 107.2 125
0 0 0 0 0 0 0 0 0 0 0 0 0 0 0 0 0 0 0 0 0 0 0 0 0 0 0 0 0 0 0 0 0 0 0 0 0 0 0 0 0 0 0 1.2 6.9 26.2 29.4 32.4 32.6 32.5 30.1 29.2 29.3 29.8 31.6 35.4 38.4 42.9 43.5 44.4 44.9 48.4 75.3 96.7 110.5 112.9 111.6 110.4 110.1 110.2 114 120.1 123.5 124.7 122.3 120.8 121.5 123.3 120.5 118 116.1 115.2 113.4 110.5 106.8 103.5 102.5 106.3 115.1 115.4 116.6 117.5 108.7 98.8 97.2 100.2
0 0 0 0 0 0 0 0 0 0 0 0 0 0 0 0 0 0 0 0 0 0 0 0 0 0 0 0 0 0 0 0 0 0 0 0 0 0 0 0 0 0 0 1.5 16.3 25.2 27.5 28.2 29 26.8 26.1 25.3 24.8 25.9 28.8 32.3 37.4 40.9 42.6 43.5 44.8 46.8 63.6 97.9 103.9 112.3 110.7 106.6 105.1 107.6 114 118.3 122.3 120.1 118.8 117 118.2 119.1 117.1 114.9 113.5 112.9 112.2 109.7 106.7 103.2 99.4 98.1 104.4 104.3 109.4 107.7 96.4 95.9 95.6 96.3
0 0 0 0 0 0 0 0 0 0 0 0 0 0 0 0 0 0 0 0 0 0 0 0 0 0 0 0 0 0 0 0 0 0 0 0 0 0 0 0 0 0 0.8 1.9 19.7 23.6 25.2 25 24 22.8 22.3 21.5 21.5 24.1 27 29.7 34 36.8 40.4 42.3 43.2 45 62.1 95.8 102.2 111.4 106.4 103.4 102.2 105.2 111 115.4 116.7 115.1 113.7 112.4 113.2 114 113.1 111.7 111.5 111.4 110.9 107.7 104.4 100.4 97.3 94.9 93.3 92.2 93.1 93.4 94.7 94.4 95.2 96.3
0 0 0 0 0 0 0 0 0 0 0 0 0 0 0 0 0 0 0 0 0 0 0 0 0 0 0 0 0 0 0 0 0 0 0 0 0 0 0 0 0 0 1.1 3.3 18.8 21.2 22.1 21.2 20 17.8 17.6 17.5 18.5 20.1 24.2 26.9 29.3 33.4 40 42.4 43.5 44.6 57 97.3 99.5 109.6 103.5 101.5 102.4 105.7 110.3 113.5 111.9 109.2 108.5 107.9 108.2 110.1 109.8 109 109.4 109.7 108.8 106.5 103.2 98.9 96.3 94.1 92 91.5 92.3 92.7 93.5 94.2 95.5 98.1
0 0 0 0 0 0 0 0 0 0 0 0 0 0 0 0 0 0 0 0 0 0 0 0 0 0 0 0 0 0 0 0 0 0 0 0 0 0 0 0 0 0 1.3 8.3 17.8 19.1 18.7 18 17.2 15.8 14.1 14.3 15.6 16.9 18.7 21.5 25 30.8 36.5 39.8 42.4 44.6 55.9 82.2 95.6 98.4 98.4 98.7 102 105.3 108.4 106.8 104.8 102.7 101.6 102.6 104.1 106.4 106.1 106.7 107.2 107.6 106.8 105 101.5 96.4 94.6 92.9 91.2 92 92.1 94.2 94.2 98.7 101.1 106.5
0 0 0 0 0 0 0 0 0 0 0 0 0 0 0 0 0 0 0 0 0 0 0 0 0 0 0 0 0 0 0 0 0 0 0 0 0 0 0 0 0 0.6 1.5 13.3 15.3 16.1 15.2 14.6 13 11.4 11.1 11.6 12.8 13.7 14.9 17.3 20.9 26.2 32.6 36.4 40.1 42.5 48.4 72.1 91.1 101 95.9 94.8 99.3 102.6 103.3 100.8 99.2 97.2 97.5 99.3 101 102.7 103 104.3 104.6 106.2 106.1 103.6 99.6 95.5 93.4 91.7 91.5 91.8 92.3 95.6 104.8 115.1 114.1 124.5
0 0 0 0 0 0 0 0 0 0 0 0 0 0 0 0 0 0 0 0 0 0 0 0 0 0 0 0 0 0 0 0 0 0 0 0 0 0 0 0 0 0.9 1.8 13.8 13.6 12.6 11.8 10.7 8.3 7.5 7.5 8.5 9.7 10.5 11.3 14.2 17.5 21.4 27.6 32 36.8 40 43.3 61.6 87 93.1 95.3 93.2 97.7 100.1 98.3 96.6 95.2 94.5 95.6 96.2 97.9 99.3 100.7 102.6 103.2 104.9 104.3 102.3 98.2 94.6 92.2 90.9 90.5 91.2 103.6 107.5 113.6 130.5 155.4 160.1
0 0 0 0 0 0 0 0 0 0 0 0 0 0 0 0 0 0 0 0 0 0 0 0 0 0 0 0 0 0 0 0 0 0 0 0 0 0 0 0 0 1.2 3.4 13 11.5 10.5 8.4 6.8 6.4 5.6 5.6 6 7 7.7 9.2 11.2 14.5 18.6 23.7 27.6 33.6 36.7 39.4 53.6 83.2 87.4 92.6 91.6 94.4 96.4 96.2 93.9 92.5 93.2 94.5 95.2 96.4 99.5 101.1 102.9 103.3 104.6 102.9 101.2 98 93.7 91.2 90.5 90.8 91.3 114.1 108.8 117.3 136.5 167.9 174.6
0 0 0 0 0 0 0 0 0 0 0 0 0 0 0 0 0 0 0 0 0 0 0 0 0 0 0 0 0 0 0 0 0 0 0 0 0 0 0 0 0.7 1.6 12.8 13.4 7.5 8.8 7.4 5.7 5.3 5.3 5.1 5 5.2 6.2 7.3 9.3 11.7 15.5 19.2 24 27.8 28.9 29.5 39.7 70.4 80.2 83.2 87.9 89.8 92.1 91.8 91.1 90.4 91.8 93.4 95.4 97.7 100.1 102.5 103.6 103.8 104.3 102.7 101.5 97.9 92.5 90.8 90.5 91 91.5 102.2 112.1 127.4 150.9 178 174.7
0 0 0 0 0 0 0 0 0 0 0 0 0 0 0 0 0 0 0 0 0 0 0 0 0 0 0 0 0 0 0 0 0 0 0 0 0 0 0 0 1.1 3 11.6 10.4 9 7.3 6 5.1 4.7 4.6 5.2 5.1 4.9 5.7 7.1 8.2 9.7 12 14.6 16.5 19.3 20.4 21.6 33 49.1 73.2 82.8 84.9 83.9 87.2 89.6 90.1 91 91.6 93.4 95.5 97.8 100.5 103.5 105 103.6 102.3 101.6 99.5 96.6 92 90.7 90.3 90.8 91.9 113.3 124.5 136.9 163.2 174.2 170.4
0 0 0 0 0 0 0 0 0 0 0 0 0 0 0 0 0 0 0 0 0 0 0 0 0 0 0 0 0 0 0 0 0 0 0 0 0 0 0 0.6 1.5 10.9 11.4 8.1 6.5 5.6 4.7 5 4.9 4.8 5 5.2 4.5 5.6 6.8 8 9.2 10.6 11.9 13.1 15.3 17.4 18.8 21.8 38.9 67 78.2 81.7 78.6 88.4 91.4 91.4 90.8 91.7 93.7 95.6 97.8 100.3 101.8 100.8 100 100 96.4 97.6 95.2 91.3 90.9 90.5 90 98.1 115.3 129 146.1 159.7 167.4 160.5
0 0 0 0 0 0 0 0 0 0 0 0 0 0 0 0 0 0 0 0 0 0 0 0 0 0 0 0 0 0 0 0 0 0 0 0 0 0 0 0.9 1.9 10.5 9.7 7.4 6.1 4 7.1 4 3.9 4.6 4.3 5.3 4.8 5.5 6.6 7.8 9.1 10.5 11.1 12 15.1 18.4 19.7 22.2 34.4 52.8 69.4 69.6 78.7 87.3 91.1 91 89.3 90.8 93.1 95.4 97.2 97.4 98 94.2 96.7 96.2 93 97.6 91.2 92.1 91.6 91 90.4 91.9 100.4 111.3 134.6 155.7 163.3 161.4
0 0 0 0 0 0 0 0 0 0 0 0 0 0 0 0 0 0 0 0 0 0 0 0 0 0 0 0 0 0 0 0 0 0 0 0 0 0 0 1.1 4 9.9 8.8 5.6 4.2 4 4.8 5.6 5.7 6 5.2 4.5 4.8 5.6 6.5 7.6 9.1 9.8 10.5 12.4 17.6 19.8 22 23.7 29 40.4 56.8 63.7 79.8 86.8 89.8 89.3 87.8 88.5 91.6 93 95.4 97 96.9 89.6 86.9 84.8 82.5 84.6 97 90.9 91.1 90.8 91.1 101.5 99.7 107.5 126.5 152.7 162.4 161.3
0 0 0 0 0 0 0 0 0 0 0 0 0 0 0 0 0 0 0 0 0 0 0 0 0 0 0 0 0 0 0 0 0 0 0 0 0 0 0 1.2 4.5 7.5 6.4 4.6 4 5.4 6.2 7.1 8.4 7 7 5.4 5 5.9 6.2 7.3 7.5 7.5 8.8 13.5 19 24.7 28.7 27.3 30.1 32.1 47.3 60.4 75.8 83.9 89.3 87.5 85.8 84.9 85.5 86.2 99.3 97.4 91.7 84.8 78 79.3 86.1 87.3 104.4 92.6 93.4 95.5 101.7 105.4 98.1 105 120.2 146.3 156.1 155.7
0 0 0 0 0 0 0 0 0 0 0 0 0 0 0 0 0 0 0 0 0 0 0 0 0 0 0 0 0 0 0 0 0 0 0 0 0 0 0 1.2 3 6.4 5.5 4.3 5.3 6.6 7.7 8.7 9.7 9.5 6.7 5.5 5.7 5.1 5 5.2 6.1 5.8 7.1 11.8 17.8 25.2 29.8 31.4 31.1 32.6 39.6 51.8 69.9 81.5 88.4 85 79.9 74.3 77 79 91.9 98.1 91.7 77.3 73.7 84.7 87.6 89.4 100.5 96.1 103.4 94.4 104.7 97.2 97.1 99.8 107.1 128.3 143.5 147.2
0 0 0 0 0 0 0 0 0 0 0 0 0 0 0 0 0 0 0 0 0 0 0 0 0 0 0 0 0 0 0 0 0 0 0 0 0 0 0 1.2 2.8 7.8 6 5.9 5.8 6.2 6.8 8.7 8.7 9.8 9.3 7.2 5.6 3.8 3.5 4 4.5 4.8 5.4 10 16 23.5 29.5 33.6 34.7 36 36.8 47.5 65.8 75.2 79 74.7 69.3 66 70.4 72.5 87 93.3 84.8 75.3 70.5 93.7 91.4 91.5 101.9 97.9 95.4 93.6 93.8 94.7 96.5 91.5 98.9 118.8 125.7 130.9
0 0 0 0 0 0 0 0 0 0 0 0 0 0 0 0 0 0 0 0 0 0 0 0 0 0 0 0 0 0 0 0 0 0 0 0 0 0 0 1.2 2.8 5 4.6 4.8 3.4 3.9 4.5 5.5 6 6.4 6.5 4.4 2.9 4.8 2.3 2.8 3.3 3.4 4.1 7.7 14.5 20.5 27.6 32.8 36 38.7 40.8 45.1 50.7 62.3 65.9 64 61.3 61.4 61 62.5 80 82.2 73.9 69.3 68 88.8 90.8 91.3 99.1 100.7 102.5 95.3 92.7 95.4 92.1 90.3 98 116.5 107.5 111.8
0 0 0 0 0 0 0 0 0 0 0 0 0 0 0 0 0 0 0 0 0 0 0 0 0 0 0 0 0 0 0 0 0 0 0 0 0 0 0 1.1 2.6 9.4 4.4 3.4 2.6 2.6 2.8 2.4 2.3 2.2 2.4 2.3 2.1 2.2 3.5 2.1 2.4 2.8 2.5 4.5 11.7 18.8 25.3 30.3 34.7 38 42 42.2 40.3 45.4 53.8 57.2 57.7 59.6 58.6 58.1 76 75.7 67.6 63.2 63.8 87.7 88.4 97.1 104.9 103.1 105.3 96.5 92.4 91 84.9 85 87.4 87.8 90.3 89.6
0 0 0 0 0 0 0 0 0 0 0 0 0 0 0 0 0 0 0 0 0 0 0 0 0 0 0 0 0 0 0 0 0 0 0 0 0 0 0 1.1 2.2 8.3 4.9 4.5 2.3 2.2 1.9 1.8 1.7 2.2 2.1 1.8 2.2 2.2 3 3.7 0 2.2 1.6 4.4 10.3 16.6 22.4 27.1 31.3 35 39.8 37 31.9 31.4 45.7 49.2 50.6 59.2 56.5 58.1 75.9 72.2 64.7 57.1 61.6 77.3 90.2 103.5 109.3 107.4 107 98.5 90.4 85.3 83.6 83.6 82.6 83.1 83.7 89.4
0 0 0 0 0 0 0 0 0 0 0 0 0 0 0 0 0 0 0 0 0 0 0 0 0 0 0 0 0 0 0 0 0 0 0 0 0 0 0 1.1 2.4 8.2 4.4 4.3 3.1 3.3 2.4 1.3 1.9 2.2 2 1.5 1.5 0 2.5 0 0 2.8 3.2 3.5 8.7 14.3 19.1 23.4 27.4 30.8 34.1 30.6 24.6 22.4 24.8 35.3 40.1 51.4 55.6 57.9 72.3 72.1 57.1 55 64.3 79.1 93.3 102.1 113.6 110.3 107.7 102.2 97.8 90.3 83.8 79.8 78.5 80 77.9 75.9
0 0 0 0 0 0 0 0 0 0 0 0 0 0 0 0 0 0 0 0 0 0 0 0 0 0 0 0 0 0 0 0 0 0 0 0 0 0 0.4 1.3 2.9 8.6 4.3 4.3 4.1 2 2.1 0 2.1 2.6 0 0 0 0 0 0 1.9 2.3 3.4 4 6.4 12 16.2 18.7 22.6 26.2 24.6 19.6 11.7 14.5 16.7 27.6 37 39.4 54.8 61.9 68.6 59.2 49.1 57.1 74.6 86.5 86.1 95.4 105.9 111.3 108.1 104.6 99.5 94.2 89.6 78.9 74 71.8 71.9 72.4
0 0 0 0 0 0 0 0 0 0 0 0 0 0 0 0 0 0 0 0 0 0 0 0 0 0 0 0 0 0 0 0 0 0 0 0 0 0 0.6 1.4 5.3 8.2 4.4 3.8 3.1 2.5 3.3 2.8 1.8 0 0 0.4 0.7 0.5 0 0 1.3 2.1 2.7 3.3 5.4 9.3 13.2 16.8 17.5 16.5 12.5 5.2 1.7 3.5 12.6 28.8 40.6 44.6 52.6 58.9 58.7 54.9 51.2 63.8 80.9 88.4 87.2 88.7 97.4 107.9 105.1 102.6 99.8 94.2 88.6 82.3 75.3 71 70.8 77.6
0 0 0 0 0 0 0 0 0 0 0 0 0 0 0 0 0 0 0 0 0 0 0 0 0 0 0 0 0 0 0 0 0 0 0 0 0 0 0.9 1.6 3.9 5.8 4.4 3.5 2.4 2.2 3.4 3 2.2 0 0 1.6 1.7 1.4 1 0 0 1.2 1.9 2.8 4.3 7.4 10.4 10.1 8.9 7.2 3.6 1.8 1.2 1.4 3.6 23.3 41.3 38.4 39.3 47.9 57 42.4 50.7 66.9 80.3 85.2 91.5 88.9 101.5 96.7 98.4 100.2 100.7 94.7 89.7 82.7 75.5 70.7 70.9 78.8
0 0 0 0 0 0 0 0 0 0 0 0 0 0 0 0 0 0 0 0 0 0 0 0 0 0 0 0 0 0 0 0 0 0 0 0 0 0 1.1 1.8 7.4 2 1.7 1.7 1.8 1.8 1.8 1.7 0 0 1.3 1.8 1.8 1.8 1.8 2.6 0 0 0 0 0 5 4.4 1.9 0.8 1.2 1.1 1.8 1.4 1.1 1 14.1 26.8 27.1 28.6 44.9 58 36.3 43.8 59.5 84.2 81.2 82.7 81.9 84 89.3 95.9 100.8 103.9 95.4 87.7 80.6 75.7 73.6 70.7 75.2
0 0 0 0 0 0 0 0 0 0 0 0 0 0 0 0 0 0 0 0 0 0 0 0 0 0 0 0 0 0 0 0 0 0 0 0 0 0.7 1.4 2.3 3.7 1.3 1.1 1.2 1.3 1.4 1.3 0.6 0 0.6 1.4 1.8 1.8 1.8 4 1.8 2.6 2.9 1.2 0 0 0.4 -0.6 2.5 1 1.4 1.6 1.7 1.5 1.2 1 4.5 11.5 13.8 23.7 44.8 48.9 31.2 41.5 54.7 72 74.5 82.9 82.9 84.2 90.7 101.1 110.1 107.9 95.3 85.6 82.1 77.8 79.4 71.8 71.6
0 0 0 0 0 0 0 0 0 0 0 0 0 0 0 0 0 0 0 0 0 0 0 0 0 0 0 0 0 0 0 0 0 0 0 0 0 0.8 1.4 2.5 1.9 0.6 0.4 0.6 0.8 0.8 0.7 0 0 0.9 1.6 1.8 1.8 2.9 2.4 2.4 2.1 2.2 3.4 1.4 0 0 4.4 1.7 1.4 1.6 2.3 1.7 1.9 1.9 1.9 1.7 1.1 2.8 7.5 36.4 18.9 29.8 45.7 56.3 75.8 82.4 88.8 85 85.6 101.9 109.4 117.5 111 101.8 88.8 93.1 81.6 81.1 77.7 67.9
0 0 0 0 0 0 0 0 0 0 0 0 0 0 0 0 0 0 0 0 0 0 0 0 0 0 0 0 0 0 0 0 0 0 0 0 0.5 1 1.6 4.2 0 0 0 0 0.3 0.1 0 0 0.5 1.2 1.8 1.7 1.9 2.5 2.8 2.6 2.3 2.3 1.7 4 1.8 0 0 2.7 2.8 1 2.3 1.7 2 2 2 2 1.7 1.3 1.7 4.8 8.9 22.7 52.2 62.2 82.6 89.2 87.9 83.3 87.3 108.1 114 120.4 113.5 108.2 90.7 87.8 77 74.4 68 64.2
0 0 0 0 0 0 0 0 0 0 0 0 0 0 0 0 0 0 0 0 0 0 0 0 0 0 0 0 0 0 0 0 0 0 0 0 0.9 1.4 1.8 0 0 0 0 0 0 0 0 0 0.8 1.4 2 2.5 3 2.4 2.7 2.8 2.6 2.2 2.1 1.6 1.3 4 0 0 2.2 2.7 2.4 1.7 2 2.1 1.3 2 1.8 1.5 1.7 3.5 3.6 25.7 50.1 58 78.8 85.8 86.3 72.7 77.2 96.8 109.7 118.3 116.3 108.2 96.1 81.4 79.9 68.1 67.7 63.8
0 0 0 0 0 0 0 0 0 0 0 0 0 0 0 0 0 0 0 0 0 0 0 0 0 0 0 0 0 0 0 0 0 0 0 0.7 1.4 1.8 0 0 0 0 0 0 0 0 0 0.1 0.7 1.4 2.1 3.3 1.9 2.2 2.4 2.7 2.8 2.6 2.4 1.9 1.5 0.8 1.5 0 0 2.2 2.3 1.7 1.8 1.8 1.3 1.9 2 1.9 1.9 2 2.1 12.2 30.4 42.7 71 74.6 67.7 63.1 69.4 82.2 90.7 106.5 114.6 109 98.2 83.6 76 72.1 67.4 63.2
0 0 0 0 0 0 0 0 0 0 0 0 0 0 0 0 0 0 0 0 0 0 0 0 0 0 0 0 0 0 0 0 0.5 0.4 0 0 1.6 1.8 0 0 0 0 0 0 0 0 0 0 0.6 1.1 1.7 2.2 2.3 2.5 2.6 2.7 2.8 2.8 2.7 1.5 1.7 1.3 2.2 0 0 3.3 2.7 2.4 2.1 2.4 1.3 1.9 2.2 1.3 2 2.3 2.4 5.6 19.4 30.4 52.8 59 59.6 59.9 71.6 70.4 81.4 86.3 96.9 100.2 97 84.8 79 71.9 64.7 59.8
0 0 0 0 0 0 0 0 0 0 0 0 0 0 0 0 0 0 0 0 0 0 0 0 0 0 0 0 0 0 0.5 0.9 1.2 1.1 0 0 0 0 0 0 0 0 0 0 0 0 0 0 0 1 1.8 2.3 2.4 2.5 2.6 2.7 2.8 2.9 2.9 1.7 1.4 1.5 3.1 2.2 0 0 2.8 3.5 2.3 1.5 1.3 1.8 2.3 1.8 2.1 3 2.7 3.7 11.2 21.6 46.4 61.5 62.4 61.2 71.3 70.7 75.3 80.8 84.8 86.3 88.3 82.4 76.9 67.1 63.4 61.4
0 0 0 0 0 0 0 0 0 0 0 0 0 0 0 0 0 0 0 0 0 0 0 0 0 0 0 0 0 0.6 1.1 1.5 2.4 3.5 3.5 0 0 0 0 0 0.1 0.1 0.2 0.3 0.3 0.2 0 0 0 1 1.9 2.2 2.2 2.4 2.6 2.7 2.8 2.9 2.9 2.4 1.4 1.6 2.1 2.2 0 0 2.7 2.9 3.1 2.8 2.2 1.5 2.1 2.5 2.4 7.5 7.4 9.3 14.9 19.1 37.5 74.3 70.8 64.6 66.2 69.8 73 76.3 74.9 72.7 73.8 77.8 78.7 68.2 64.3 59.9
0 0 0 0 0 0 0 0 0 0 0 0 0 0 0 0 0 0 0 0 0 0 0 0 0 0 0 0 0.6 1.1 1.6 3.8 0 0 0 0 4.4 0 0 0.2 0.5 0.6 0.7 0.7 0.8 0.7 0.1 0 0 1.4 2.1 2.3 2.1 2 2.3 2.5 2.8 2.9 2.5 1.7 1.3 1.7 2.1 2.4 2.1 1.5 3.9 3.7 3 3.1 2.4 7.3 10.4 7.6 7.7 12.8 12.4 12.2 17.5 22.3 45.2 80.1 75 67.8 65.3 66.2 73.9 71.8 69.4 70.5 73.5 75.1 79.9 70.7 66.8 59.9
0 0 0 0 0 0 0 0 0 0 0 0 0 0 0 0 0 0 0 0 0 0 0 0 0 0 0 0.5 1.1 1.6 4.3 0 0 0 0 0 0 0 0.2 0.4 0.6 0.9 1.1 1.2 1.2 1.2 0.6 0 0 3 2.7 2.3 2.2 2.1 1.9 2.1 2.4 2.6 2.6 2.6 1.2 1.5 2.6 3 2.5 1.8 -0.3 3.1 3.1 2.5 3 17.1 19.7 14 13.9 16.9 19.1 16.6 23.3 24.6 50.1 72.6 71.9 70.3 66.4 68.8 70.7 71.4 69.9 69.3 71.6 74.2 74.1 70.3 63.7 53.3
