map_data/Download_llanbedr_terrain_2297518/terrain-50-dtm_5107397/sh/SH52.asc
ncols 200
nrows 200
xllcorner 250000
yllcorner 320000
cellsize 50
[rows 52 to 103 of 200, columns 96 to 191 of 200]
0 0 0 0 0 0 0 0 0 0 0 0 0 0 0 0 0 0 0 0 0 0 0 0 0 0 0.6 1.1 1.6 4.6 0 0 0 0 1.1 1.3 1.1 1 0.8 0.6 0.8 1.1 1.3 1.6 1.7 1.7 0 0 2.9 3.2 2.7 2.3 2.2 2.1 2 1.8 2 2 2.2 2.4 2.6 2 2.7 1.8 2.3 2.8 4 3 2.5 2.3 4.9 20.2 22.5 19.7 17.1 19.9 20.4 20.1 22.9 25.3 45 62 68.8 69.1 75.9 75.7 72.5 72.1 70 68.7 69.5 72 74.1 71.3 67 60.5
0 0 0 0 0 0 0 0 0 0 0 0 0 0 0 0 0 0 0 0 0 0 0 0 0.5 0.8 1.2 1.6 5.5 0 0 0 1.2 2.3 4.5 5.4 5.7 1.6 1.4 1.2 1 1.3 1.5 1.8 2.7 2.9 0 2.5 2.6 3.1 2.9 2.4 2 1.9 1.8 1.7 1.9 2.1 2.3 2.5 2.4 1.9 2.9 1.9 2.6 1.7 1.8 1.8 2.6 2.5 5.3 21.3 24.8 23.5 21.4 21.3 29.2 22.4 21.7 23.3 38.7 57.6 63.6 70.8 78.2 75.9 74.2 72.8 70.9 67.2 66.8 70 73.1 72.9 68.4 62.7
0 0 0 0 0 0 0 0 0 0 0 0 0 0 0 0 0 0 0 0 0 0 0 0.8 1.2 1.4 1.8 8 5.6 0 0 0 3.2 5.4 4.6 2.8 1.8 1.8 1.8 1.8 1.7 1.5 1.7 1.9 3 2.7 2.6 0.7 2.7 3 3 2.6 2.1 1.8 1.7 1.4 2.4 2.4 2.6 2.3 1.7 1.5 2.6 2.5 3.1 3 3.9 1.5 3 2.8 4.3 18.1 27.7 27.6 26.6 28.2 31.6 25.5 23.5 24.1 34.9 58.8 61.1 69.6 75.2 77.9 74.6 72.1 69.5 65.8 65.3 67.5 69.5 70.7 67.4 61.7
0 0 0 0 0 0 0 0 0 0 0 0 0 0 0 0 0 0 0 0 0 0.8 1.2 1.6 3.1 5.3 8.9 7 2.3 0 0 2.1 4.4 4 2.1 1.8 1.8 1.8 1.8 1.8 1.8 1.8 3.2 3.2 2.4 2.4 2.5 2.5 2.7 2.8 2.8 2.7 2.2 1.8 2.8 1.7 2.4 2.5 2.1 1.7 1.1 1 2.5 1.5 3.1 3.1 3.4 3 3.4 2.8 3.5 8.6 26.7 31.1 34.9 36.6 35.7 30.6 25.9 24.4 34 59.6 60.6 69.1 74.9 73.7 70.2 68.8 68.1 66.1 64.6 64.3 66.4 66 61.9 55.1
0 0 0 0 0 0 0 0 0 0 0 0 0 0 0 0 0 0 0 0 0.8 1.3 2.3 10 6.2 5.4 6.1 0 0 0 0 1.9 3.7 1.8 1 1.8 1.8 1.8 1.8 1.8 1.8 2.8 3.4 2.5 2.5 2.5 2.5 2.6 2.6 1.4 1.8 2.2 2.5 1.1 1.2 1.2 1.3 1.2 1.5 2.5 2.6 1.5 0.9 2.7 2.6 2.4 2.8 3.4 2.6 2.8 3.6 5.7 17.4 32.2 37.6 40.2 39.9 34.7 27 23.1 26.5 52.2 57.4 62 68.7 69.8 66.6 66.7 63.2 64.1 61.9 59.5 59.4 57.8 53.5 46.8
0 0 0 0 0 0 0 0 0 0 0 0 0 0 0 0 0 0 0 0.8 1.3 2.7 11.2 9.8 5.2 4.6 1.3 0 0 0.5 0 1.2 0.1 0.6 0.2 1.5 1.8 1.8 1.8 1.8 2.6 4.3 3.4 2.8 2.9 2.9 3 3.1 2.8 0.9 2.2 2.3 2 2.6 2.7 2.2 2.5 2.3 2.5 2.3 2.8 3 2 2.4 2.2 1.7 0.6 2.7 2.8 2.2 2.9 4.5 8.6 27.1 36.3 38.7 38.4 32.5 23.8 19.8 21.6 32.1 50.9 70.1 70 71.8 66.4 68 60.6 60.1 57.1 52.5 46.7 47 47 38.7
0 0 0 0 0 0 0 0 0 0 0 0 0 0 0 0 0 0 0.6 1.2 1.8 12.6 11.9 11 4.4 3.9 0.7 0 0 0.9 1.8 1.6 1 0.6 0.7 1.3 1.8 1.8 1.8 3 3.8 4.2 4.3 3.3 3.4 3.4 3.5 3.3 2.9 2.6 1.3 2.3 2.5 2.5 2.2 1.9 2.8 3.3 3.2 2.8 1.4 1.7 2.5 2.6 2.1 3 2.8 2.6 2.2 2.5 2.9 3.6 6.6 19.7 26.1 31.7 33 29.2 21 17.3 20.2 18.3 26 63.1 71.2 72.7 70.7 65.6 56.8 54.9 49.7 40.8 38.5 37.6 32.2 27.8
0 0 0 0 0 0 0 0 0 0 0 0 0 0 0 0 0 0 0.9 1.6 9.6 10.4 10 8.8 5.8 1.6 0.7 0 0 0.7 1.4 1.8 1.8 1.6 1.6 1.8 1.9 1.9 2.3 2.9 3.8 4.2 4.4 4 3.8 3.9 3.8 3.4 3 2.7 2.5 0.6 1.9 2.2 2.4 1.8 2.3 2.6 3.2 1.6 2.9 2.6 2.2 2.4 1.3 2.3 2.7 2.5 3 3.3 3.9 3.9 5.8 9.3 15.2 21 27.8 25.5 17.8 13.4 20.5 16.4 17.4 31.1 52.4 64.6 68.7 70.3 49.4 42.6 38.4 35.7 33 28.2 26.9 25.4
0 0 0 0 0 0 0 0 0 0 0 0 0 0 0 0 0 0.9 1.4 3.5 7.4 5.7 8.5 7.1 4.4 1.4 0 0 0 0.5 1.1 1.8 2.1 1.9 2 2.2 2.1 2.1 2.5 3 3.8 4.2 4.4 4.6 4.3 4.3 3.4 3.2 2.9 2.6 2.4 2.5 2.6 2.8 2.2 1.8 1.5 2.7 2.5 2.8 3.2 3.1 3.1 1.7 1.7 2.7 4.4 1.8 3.5 4 3.6 4.1 5 7 10.3 15.3 20.6 14.2 13.4 12.7 15.6 14 15 18.5 33.5 44.9 50 56.4 41.6 38.5 35.4 33.2 25.2 22.6 23.6 23.5
0 0 0 0 0 0 0 0 0 0 0 0 0 0 0.7 1.1 1.4 1.8 8.2 8.3 5.6 4.6 5.2 5.6 4.5 0 0 0 0 0.4 1 1.6 1.8 2.1 2.3 2.6 2.6 2.3 2.7 3.3 3.8 4.1 4.4 4.6 4.7 3.6 3.3 3.1 2.9 2.6 2.4 2.6 2.7 2.7 2.6 1.9 1.7 2.5 3.1 2.8 3.3 3.2 3.1 3 2.6 5.5 6.5 6.1 2.8 3.9 4.3 4.5 5.2 5.6 7.3 10.5 9.4 10.5 10.3 11.2 12.8 13.7 14.3 14.8 20.1 31.1 40.3 38.7 37 34.3 29.8 19.6 22.1 22.7 21.8 24.9
0 0 0 0 0 0 0 0 0 0 0 0 0.6 1 1.4 2.9 14.7 15.4 15.8 8.4 6.1 4.5 3.7 5 4.7 0 0 0 0 0.3 0.9 1.4 1.5 2.4 2.7 3 3.2 2.6 3 3.4 3.9 4.1 4 4.1 3.9 3.8 3.5 3.3 3 2.7 2.5 2.6 2.7 2.5 2.4 2.3 2 2.8 3.4 3.5 3.2 2.2 2.1 2 3.5 12 15.3 13.6 6.9 4.1 4.8 4.8 5.4 5.9 7.6 7.2 5.4 8.4 9.7 8.5 12 13.6 14.4 14.6 19.1 26.7 30.2 38.3 35.5 29.4 19.1 21 21.9 23.5 25 32.5
0 0 0 0 0 0 0 0 0 0 0 0.7 1.2 1.6 4.3 13.8 16.5 15.6 12.7 8.4 5.3 4.8 3.1 2.9 2.6 0 0.3 0.4 0.5 0.7 1.1 1.5 2.1 2.6 2.9 3.2 3.4 3.5 3 3.4 3.9 4.4 4.4 4.3 4.3 4.1 3.6 3.4 3.1 2.8 2.6 2.6 2.5 2.4 2.2 2.1 2 2.6 3.2 2.8 2.5 1.6 3 2.5 7.5 16.7 19.6 18.6 11.1 5.9 5.9 4.3 5.8 6.6 8.1 6.8 7.6 8.5 9.7 10.6 10.3 12.1 16.6 16.3 31.5 29.9 26.6 40.1 31.9 21.1 19.5 20.4 21.5 24.5 25.7 42.4
0 0 0 0 0 0 0 0 0 0 0.5 1.2 2.4 6.7 8.1 15.4 15.4 14.3 11.8 4 3.6 4.6 4.1 2.2 0 0 0 1.1 1.2 1.4 1.7 1.9 2.1 2.6 2.8 3.1 3.4 3.8 3.1 3.5 4 4.4 4.7 4.8 4.8 4.8 4.8 4.2 3.2 3 2.7 2.5 2.4 2.3 2.2 2.1 2.1 2.4 2.5 1.6 2.1 1.1 1.7 3.8 12.4 20.4 23.1 20.9 15 7.7 7.2 7.7 8.1 8.6 10.8 11.5 10.9 9.6 11.2 13.2 17.1 11.8 12.8 14.5 33.4 23.7 16.5 16.9 18.3 17.8 18.9 20.5 22.3 24.9 30.1 38.9
0 0 0 0 0 0 0 0 0 0.5 1 1.6 9.6 10.4 15.7 16.5 12.4 10.3 11 3.7 4.3 4.6 4.2 0 0.8 0 0.4 1.5 0 0 1.9 2 2.1 2.5 2.7 3 3.3 4 3.3 3.7 4.2 4.5 4.8 4.7 4.4 4.1 3.9 3.6 3.3 2.9 2.6 2.5 2.4 2.3 2.2 2.1 2.2 2.4 2 2.2 2.2 1.9 2.8 6.4 16 23.1 25.1 22 16.5 11 8.5 8.5 9.3 10.6 13 16.3 16.9 16.1 14.1 13.9 18.4 11.2 12.1 12.6 16.5 21 21.6 19.9 16 18.2 24.3 25.7 27.5 31.7 36.9 43.9
0 0 0 0 0 0 0 0 0 0.9 1.4 3.9 9.7 13.9 16.8 16.4 12.3 9.8 8.9 4.2 4.4 4.3 1.8 0 1.3 0 0 0 1.8 0 2.2 2.2 2.2 2.5 2.7 2.9 3.2 3.9 3.5 3.9 4.2 4.4 4.7 4.8 4.5 4.3 4 3.7 3.5 3.6 3.7 2.5 2.4 2.3 2.2 2.1 2.2 2.5 1.6 2.2 1.9 1.7 2.5 9.7 17.1 23.2 26.8 26 20.6 11.6 9.5 9.3 10.2 12.8 13 16.6 21.3 22.8 23.9 33.2 27.9 27 23.4 23.3 37.1 50.7 40.3 33.4 24.7 32.5 38.3 39.9 40.8 40.2 47.7 52.1
0 0 0 0 0 0 0 0 0.8 1.3 2.4 11.8 15.6 19.2 16 15.3 12.4 11.6 7.3 4.2 0 1.8 1.3 1.8 1.9 0 2 1.9 1.9 0 2 2.1 2.4 2.9 3.4 4 3.8 3.4 3.6 3.8 4.1 4.3 4.6 4.8 4.7 4.4 4.1 3.8 3.8 3.9 3.6 2.7 2.4 2.3 2.2 2.1 2.2 2.4 2.5 1.6 1.7 1.6 2.1 8 14.3 22.1 27.1 28.2 20.8 13.2 11.6 9.9 14.5 17.1 18.5 16.8 17.6 22.3 24.4 22.7 27.7 29.5 49.9 37.7 31.2 33.4 51 45.1 39.8 48.8 55.4 57 57.4 58.6 57.3 59.8
0 0 0 0 0 0 0 0.8 1.3 2 8.8 18.9 15.9 15 10.6 9.7 9.6 8.1 5.6 3.7 0 1.8 2.3 2.1 2.2 2.2 2.1 2.1 2 1.9 2 2.3 2.9 3.4 3.9 4.3 4.1 3.7 3.6 3.7 4 4.2 4.5 4.7 4.8 4.5 4.3 4 4.1 3.8 3.4 2.5 3 3.1 2.9 2.4 2.3 2.5 1.8 1.5 1.7 1.8 1.5 3.9 8.6 16.6 24.1 24 20.5 15.9 15.2 13.9 16.6 20.1 20.3 21.2 22.6 22.2 33.2 42.2 51.1 52.3 56.5 45.4 64.5 68 61.3 51.1 54 65.4 68.6 71.5 70.7 72.1 70.4 72
0 0 0 0 0 0 0.7 1.2 1.8 12.7 13.6 12.3 11.5 9 7 7 6.3 5 4.5 3.4 0 1.8 1.9 1.8 2.1 2.3 2.3 2.3 2.1 1.9 2.2 2.8 3.3 3.8 4.3 4.5 4.4 4.1 3.8 3.8 4 4.1 4.4 4.6 4.9 4.7 4.4 4.4 4.1 3.7 3.2 2.6 3.2 3.4 3.1 2.6 2.5 2.6 1.1 0.9 0.7 0.6 2.8 3 5.6 10.6 18.4 22.3 21.5 21 21.1 20.1 19.3 21 21.7 23.2 28.1 33.3 45.9 48.3 58 66.6 65.2 69.6 76.2 78.8 70.2 59.7 63.2 80.2 82.5 81.9 81.8 83.3 83.1 83.5
0 0 0 0 0 0.6 1.1 1.6 8.2 12.4 11.8 11.4 8.5 6.4 4.9 5.5 4.6 5.3 5.3 2.4 1.5 1.6 1.6 1.8 1.8 2.2 2.5 2.3 2.1 2.1 2.7 3.2 3.8 4.3 4.5 4.7 4.7 4.4 4.1 4 4.1 4.2 4.3 4.5 4.8 4.8 4.6 4.4 3.9 3.5 3 2.8 3.1 3.1 3.2 2.8 2.6 2.7 1.2 1 0.9 0.8 2.9 2.6 4.9 9.4 15.9 21 23 25 27 29.3 29.9 28.4 29.9 36.1 47.3 48.5 48.4 54.6 64.5 74.6 79 77.6 82.1 79.4 76.5 74.6 68.7 85.8 89.3 90.4 93 94.4 93.1 93.5
0 0 0 0 0.5 1 1.5 4.5 11.7 11.2 11.6 9.8 6.7 4.5 4.2 4.4 4.2 5.5 3.8 2.3 2.1 1.8 2.1 1.8 1.6 2 2.8 2.7 2.5 2.6 3.1 3.7 4.2 4.6 4.8 4.9 5 4.7 4.4 4.2 4.2 4.4 4.5 4.6 4.7 4.9 4.6 4.2 3.7 3.3 2.8 2.8 2.8 2.8 2.9 2.9 2.8 2.2 1.2 1.2 1.2 1.1 2.6 3.3 4.6 10.9 16.9 22.2 25.4 28.1 31.7 35.1 35.9 39.1 42.6 54.1 58.6 57.3 56.2 63 71.5 78.7 85.9 85.3 85.6 86.1 84.7 80.7 76.3 89.9 93.2 97 96.7 99.1 101.4 103.3
0 0 0 0 0.8 1.4 2.8 6 10.1 8.9 8.2 7.2 6.7 7.4 6.4 5.6 5.8 7 2.6 2.5 2.3 2 1.9 2 1.8 2.5 3.2 3.3 3.1 3 3.6 4.1 4.6 4.8 5 5.2 5.3 5 4.7 4.5 4.4 4.5 4.6 4.7 4.9 5 4.7 4.5 4 3.6 3.1 2.9 2.9 2.9 3 2.9 2.3 2 1.6 1.6 1.6 1.5 3.1 2.9 6.4 12.2 17.1 21.6 27.1 31.5 35.6 39.1 41.6 45.9 55.4 63.6 68.1 69.9 72.1 72.6 75.4 82.1 92.2 92.4 90.7 94.5 91.8 87.3 81.2 92.6 91.6 97.9 99.9 102.6 104.8 106.6
0 0 0 0.6 1.2 2.2 9.6 11.4 9.6 6.9 6.4 6.3 6.4 7.9 4.2 3.8 3.5 4.7 2.7 2.7 2.4 1.9 1.8 1.9 2 3.3 3.6 3.9 3.7 3.6 4.1 4.6 4.8 5 5.2 5.4 5.6 5.3 5.1 4.8 4.5 4.6 4.8 4.9 5 5.1 4.7 4.5 4.3 4.2 3.8 3.3 3.3 3.3 3 2.7 2.2 2.2 1.8 1.8 1.7 1.7 3.2 2.4 6.7 11.8 16.8 21.2 25.8 29.9 34.8 38.4 42.6 47.5 58.4 67.2 75.9 79.5 81.2 82 81.3 87.9 95.3 98.4 97.5 97.4 97.2 93.7 89.3 90.9 96 100.8 103.5 104.6 104.5 105.6
0 0 0 0.8 1.4 4.5 9.1 8.7 6.3 4.8 4.4 4.4 6.1 7 3.8 5 2.2 2.1 5.8 2.6 2.1 2.1 2.5 2.6 3.3 3.7 4 4.4 4.3 4.3 4.6 5 5.1 5.3 5.5 5.6 5.8 5.6 5.4 5.1 4.8 4.8 4.9 5 5.1 5.2 4.8 4.4 4.3 4.1 3.9 3.8 3.5 3.2 2.9 2.6 1.6 0.8 1.5 1.7 1.1 1 1.9 2.9 6.6 11.5 16.4 21 24.9 30.9 36.3 40.7 46 49.3 56.8 67.9 72.6 84.5 89.9 87.8 87.5 91.8 100 104 102.7 102 101.9 100.3 96 99.3 100.3 104.1 105 104.9 104.9 104.8
0 0 0 0.9 1.6 8.6 9.2 7.4 5.1 4.2 3.3 4.5 8.4 7.2 11 10.1 3.8 7.2 4.2 2.4 2.2 2.7 3.1 3.3 2.8 3.3 4 4.8 4.9 4.9 5 5.3 5.4 5.6 5.8 5.7 5.9 5.7 5.5 5.3 5.1 4.9 5 5.1 5.2 5.3 5 4.3 4.2 4 3.9 3.7 3.4 3.2 2.8 2.5 0.8 1 1.6 1.8 0.9 1.3 3.1 4.5 6.8 10.5 15.2 19.8 27.1 34.1 38.1 44 48.1 52.8 60.4 69 70.9 80.5 88.1 89.9 88.7 92.5 101.3 105.2 103.5 103.8 105.4 103.7 102.3 102.3 105 107.8 108.1 108.3 107.2 106.2
0 0 0.5 1.1 1.7 9.8 9.8 8.3 6.3 5.9 7 12.3 5.8 9.7 10.7 9.7 7.7 4 3 3.2 2.9 3 3.2 3.7 4 3.9 3.9 4 4.9 4.5 5.3 5.5 5.7 5.6 5.7 5.7 5.9 5.7 5.5 5.3 5.1 5.1 5.1 5.2 5.3 5.4 5.2 4.4 4.1 3.9 3.8 3.5 3.2 2.9 2.7 1.3 2.1 1.6 1.5 1.9 1.1 1.6 3.5 5.9 7.9 11.2 15.5 21.6 28.7 33.7 38.8 42.6 48.9 58.2 70.9 71.3 72.3 78.1 87 88.4 88.3 90.3 99.1 101 103.1 106.6 110.8 109.9 107.8 106.7 108.6 109.8 110.2 109.6 108.4 107.8
0 0 0.6 1.1 1.6 6.3 11 9.2 9 7.5 6.8 6.6 6 3.2 3.8 2.8 2.6 3.5 3 3.2 3.1 3.3 3.5 3.7 3.2 3.6 5.7 4.4 4.8 5.9 7 5.5 5.5 5.6 5.6 5.8 5.9 5.7 5.5 5.4 5.3 5.3 5.3 5.3 5.4 5.5 5.4 4.6 4 3.8 3.7 3.4 3 2.7 2.5 2.5 2.4 2.3 2.1 2 1.2 1.6 4.5 6.4 8.3 11.6 16.8 22.6 27.3 31.3 36 41.5 46.7 55.9 72.1 73.5 73.8 77.5 90.2 91.2 91.2 96.2 102.2 103.1 103.7 110 116.7 114.9 110.1 109.8 110.8 111.3 111.7 110.7 110 109.7
0 0 0.5 1 1.5 3.3 14.7 7 4 6.2 3.4 3.9 3.1 3.8 3.2 2.6 2.7 2.6 2.5 4 3.2 3.2 3.4 3.3 3.6 3.8 5.5 4.5 4.9 5.4 5.7 5.5 5.5 5.5 5.6 5.9 6 5.8 5.6 5.5 5.5 5.5 5.5 5.5 5.5 5.6 5.6 4.8 4.1 3.8 3.5 3.2 2.9 2.6 2.4 2.4 2.1 1.9 1.7 1.2 1.4 2 3.8 5.8 8.4 11.2 14.7 18.1 23.7 28.7 33 37.5 44.6 55.7 69.3 73.5 74 77 86.8 89.2 93.8 98.3 105.6 104.9 106.3 110.8 115.4 115.6 112.8 110.9 111.9 112.5 113.2 112.7 112.2 111.5
0 0 0.4 0.9 1.5 2.7 11.5 11.7 9.5 8 4.6 4.7 3.3 4.1 3.7 3.1 2.8 2.9 3.9 3.2 3.5 3.3 3.5 3.7 4 4.3 5.4 4.4 4.7 5.1 5.5 5.8 5.5 5.5 5.7 6 6 5.8 5.7 5.7 5.7 5.7 5.7 5.7 5.7 5.7 5.8 5.1 4.3 3.7 3.4 3.2 2.9 2.7 2.7 2.6 2.5 1.7 1.4 1.9 1.5 3.2 3.9 5.8 7.3 9.2 12 14.9 18.5 25.2 30.4 35.2 42.6 52.4 60.4 68.1 72.8 72.2 77.7 80.3 88.2 98 102.3 106 113.1 116.5 118.6 119.2 117.6 113.8 113.2 113.5 114.4 114.5 113.9 112.2
0 0 0.3 0.8 1.3 2.1 9.8 6.6 5.4 14.1 5.8 3.7 3.4 4.2 3.7 4.1 4.1 4.1 5.7 5.6 5.4 6.6 4.4 4.2 4.5 4.8 4.7 4.3 4.5 5 5.9 6.5 5.4 5.5 5.8 6.1 6 5.9 5.9 5.9 5.9 5.9 5.9 5.9 5.9 5.9 5.9 5.3 4.5 3.7 3.5 3.2 2.9 2.7 2.4 2.4 2.4 2.3 2.1 2 3 3.5 4.8 5.3 6 8 10.7 13.5 17.8 25.1 30.3 36.3 43.5 48.7 57.9 67.6 69.7 69.6 74.9 76.9 86.1 95.5 102.4 110.5 115.2 118.5 122.4 122.3 122 118 114.6 114 115.4 116.3 115.5 113.7
0 0 0.3 0.8 1.3 1.7 7.1 4.9 6 13.6 5.9 3.9 4.3 4.5 5.3 3.9 5.1 4.6 4.9 8 6.2 4.8 8.4 5.3 5.1 5.5 4.8 5.8 5.8 5.9 6.1 5.5 5.6 5.6 5.9 6.2 6.1 6.1 6.1 6.1 6.1 6.1 6 6 6 6 6 5.4 4.7 3.9 3.6 3.3 3.1 2.8 2.1 1.9 1.6 1.4 2.3 2.8 3.3 3.7 4.8 5 5.4 6.8 10.2 14.5 19.8 26.7 33.4 37.6 43.1 48.7 58.8 65.9 66.6 67.5 76 77.9 85 91.5 96.9 110 121.5 123.5 126.3 126.3 125.8 122.3 118.3 116.9 116.7 117.5 117.1 115.1
0 0 0.3 0.7 1.2 1.7 6.8 8.2 5.6 17.6 5.9 5 5.2 5.1 4.3 5.3 5 7.5 5.5 8.2 6.4 5.4 6.6 10 7.5 5.5 4.6 5.1 7.5 7.1 6.3 6.2 5.7 5.6 5.9 6.2 6.2 6.2 6.2 6.2 6.2 6.2 6.2 6.1 6.1 6.1 6 5.4 4.8 4.1 3.7 3.4 2.7 2.3 2.3 2.5 2.2 2 2.7 3.2 3.6 4 5.2 4.2 5.1 6.3 10.9 15.9 21.8 29.2 33.4 39.4 44.1 50.7 57.6 66.4 65.1 65.8 75.7 78.4 83.9 92.6 100 104.8 115.9 125.9 131.3 128.6 128.3 126.7 123.3 117.7 117.1 118.2 117.7 116.2
0 0 0.3 0.7 1.2 1.6 3.5 4.1 7.2 16.9 9.2 7.1 5.5 6.2 4.5 4.7 4.1 4.4 5.6 7.3 7.5 7.8 7.3 15.9 16.1 7.3 5.3 7.5 7.1 5.7 5.3 6.4 5.7 5.6 5.9 6.2 6.3 6.3 6.3 6.3 6.3 6.3 6.3 6.2 6.2 6.3 6.1 5.5 4.9 4.3 3.7 2.8 1.4 2.3 2.3 2.3 2.4 1.9 3.1 3.6 4 4.1 3.8 4.5 5.3 7.4 11.4 16.6 22.2 28.4 34.1 37.6 42.4 50 56.3 63.2 64.3 64 70 76.8 86.9 91.1 99.1 103.5 112.3 123 132 130.2 129.9 130.7 125.6 123.5 118.5 119.2 119.2 118.6
0 0 0.2 0.7 1.1 1.6 3.1 4.2 14.3 14.9 9.9 9.3 5.7 5.3 6 4.9 4.6 4.9 6.1 10.1 8.6 9.9 13.8 22.3 21.4 19.7 8.4 6.3 5.5 5.4 5.6 6.2 5.8 5.6 6 6.1 6.3 6.4 6.4 6.4 6.4 6.4 6.4 6.4 6.4 6.4 6.1 5.5 4.9 4.3 3.2 3 1.9 2 2 1.6 1.6 1.4 3.1 3.8 3.7 4.5 5.6 5.4 5.7 8.4 11.8 17.4 23 28.9 33.6 37.3 42.1 49 54.5 59.7 60.9 60.9 67.3 73.8 87.9 94.7 100.1 103.7 114.5 123.7 129.9 131.6 134.4 134 129.3 127.9 127.2 124.2 123 120.3
0 0 0 0.6 1 1.5 2.1 14.4 15.4 7.7 9.5 9.6 9.9 17.3 11.3 6.4 5.9 6 7.7 10.8 5 20.5 16.5 5.8 13.3 21 23.1 9 5.9 5.7 6 6.4 6.1 5.6 5.9 6.1 6.2 6.4 6.5 6.5 6.5 6.5 6.5 6.5 6.5 6.5 6.2 5.6 4.7 3.2 2.4 1.4 1.4 1.5 1.6 1.5 1.2 1.4 2.6 3.8 3.7 4.5 4.9 6.4 8.3 9.8 12.8 18.5 23.3 29.5 33.3 36.4 40.9 49.1 53.6 57 58.7 60.6 69.4 74.4 86.8 96.5 99.9 104.6 114.4 125.2 127.9 132.5 134.6 135 131.6 130.1 131.5 131.2 129.5 127.6
0 0 0 0.6 1 1.4 1.9 3.2 5.1 5.5 12 12.5 11.2 10.7 17.7 8.9 6.2 7.1 13.7 11.5 5.8 6.9 9.5 6.4 8.1 5.9 20.3 13 6.8 6.2 6.2 6.6 6.4 5.7 5.9 6 6.2 6.3 6.5 6.6 6.6 6.6 6.6 6.6 6.6 6.6 6.2 5.1 4.3 3.6 2.8 2.6 2.3 2 1.7 1.4 1.3 1.3 2 3.3 4.1 4.9 6.4 7.6 9.5 11.3 14 18.7 24 28.4 31.3 34.8 39.8 46.3 51.7 55.8 58.4 60.3 67.1 75.2 88.9 97.1 99.6 107.2 110.8 126.4 127.8 131.3 132.1 136.8 134.9 133.3 134.5 136 134.2 132.6
0 0 0 0.5 1 1.4 1.8 5.9 4.5 13.8 19.1 6.9 7.6 15 14 9.7 14.7 18 16.7 7.6 6 6.1 5.9 6.5 6.3 9 14 19.1 8.5 6.3 6.2 6.7 6.7 5.7 5.9 6 6.1 6.3 6.4 6.6 6.7 6.7 6.7 6.7 6.7 6.7 6.2 5.5 4.7 4 3.2 2.5 2.2 1.9 1.6 1.4 1.5 1.5 1.5 2.5 3.6 5.2 6.5 8.5 10.4 12.3 14.6 18 22.9 28 30.3 35 39.8 46.5 53.5 57.8 61.1 62.7 66.5 75.6 87.7 95.2 99.3 105.8 109.7 124.7 128.6 132.7 131.5 131.6 135.2 135.9 137.3 139.4 139.1 136
0 0 0 0.5 0.9 1.3 1.7 2.6 6.2 4 4.6 6.5 6.4 14.7 13.8 15.3 18.6 13.7 6.8 6.4 6.2 6.7 6.4 6.5 6.3 6.7 7.9 11.6 9.3 6.8 6.5 6.4 6.2 5.8 6 6.2 6.4 6.5 6.7 6.8 6.7 6.6 6.5 6.5 6.5 6.5 6.3 5.5 4.9 4.2 3.6 2.5 2.1 1.8 1.6 1.6 1.6 1.7 1.7 1.6 2.8 4.7 6.5 8.4 10.2 12 14.6 17.8 21.9 27.3 32.5 38.2 44.4 51.6 58.5 64 66.9 67.6 67.6 76 85.8 91.9 97.2 107 108.7 123.1 132.4 131.5 132.4 130.5 131.6 134.3 136.5 139.2 140.2 136.7
0 0 0 0.5 0.9 1.2 1.6 2.3 8.5 9.1 10.1 5.8 10.3 26.6 11.8 9.3 12.7 9 5.7 6.3 6.3 6.5 6.6 6.2 7.1 7.3 11.3 8.4 10.5 7.6 6.6 6.4 6.3 6.1 6.2 6.5 6.7 6.8 6.8 6.7 6.7 6.6 6.5 6.4 6.4 6.3 6.2 5.5 4.8 4.2 2.6 2.4 2.1 1.7 1.7 1.8 1.8 1.8 1.8 1.9 2.5 4.3 5.7 7.7 10 11.9 14.5 17.5 21.4 25.9 32.9 39.8 46.4 55.3 63.2 68.8 72.1 71.8 72.2 76.8 84.6 91.6 95.1 108.8 107 120.9 132.2 132.6 131.5 131 132.1 131.8 133.9 135.9 136 133.8
0 0 0 0.3 0.7 1.1 1.5 2 8.4 12.5 8.1 7.4 16.7 6.3 6 15.5 6.6 9.4 6.3 6.4 6.6 6.3 6.6 7.1 7.8 8.2 9.1 8.1 14.3 7.5 7 6.7 6.5 6.3 6.5 6.7 6.9 6.9 6.7 6.6 6.5 6.5 6.4 6.3 6.2 6.2 6.1 6 4.6 4 3.5 2.5 2 1.8 1.8 1.8 1.9 1.9 2.2 2.4 3.6 4.9 6.7 8.5 10 11.7 14.1 16.6 19.8 24.6 31.8 40.5 48.4 57.2 65 71.4 76.1 77.2 77.6 79 85.7 91.4 94.8 106.4 106.5 111 129.3 133.5 130.2 132.3 132.1 131.2 130.6 131.5 131.3 132.1
0 0 0 0.3 0.6 1 1.3 1.7 3 10.8 10 11.2 12.4 5.5 9.6 9.6 6 9.1 6.6 6.6 6.8 6.5 7.6 8 7.7 8.8 8.8 11 14.8 8.5 7.2 7 6.8 6.6 6.8 7 7.2 6.9 6.8 6.6 6.5 6.4 6.3 6.1 6 6 5.9 5.8 4.7 3.7 3 2.1 2.1 2.1 1.9 1.8 1.8 2.1 2.5 3.8 5.3 6.6 8.6 8.7 9.6 11.5 13.8 16.6 19.6 23.7 31.5 40.4 49.3 59 65.5 71.7 77.3 80.1 80.7 81.7 85.5 91 94.8 102.7 102.6 104.8 117.8 128.9 129.8 134.6 131.7 130.7 129.4 128 127.7 128.1
0 0 0 0.3 0.6 0.9 1.3 1.6 2.5 12.1 9.2 4.8 4.7 6.6 9.7 10.3 11.8 9.7 6.7 6.7 7 8.1 7.9 7.3 7.1 7.8 11 15.3 23.7 8.3 7.5 7.3 7.1 6.9 7.1 7.3 7.2 6.9 6.8 6.7 6.5 6.4 6.3 6.1 6 5.9 5.8 5.6 5.1 3.5 3.5 2.4 2.3 2.3 2.1 1.9 2 2.6 4.2 6 7.8 8.9 10.1 10.6 11.1 11.9 13.6 16.6 19.5 24.7 31.9 40.7 50.9 59.4 65.6 71.7 76.7 79.9 82.8 84.7 86 89.9 94 97.4 102.6 103.8 106.4 114.9 130.7 131.4 129.6 130.7 125.3 124.9 124.6 124
0 0 0 0.2 0.5 0.8 1.1 1.5 1.8 8 8.3 4.7 5.1 6.6 20.4 18.8 19.1 15.4 7.3 7.5 7.6 7.3 7.1 7.1 7.1 8 12.2 7.5 7.3 12.6 7.8 7.5 7.3 7.2 7.4 7.5 7.2 6.9 6.8 6.7 6.5 6.4 6.3 6.2 6 5.9 5.8 5.7 5.3 3.8 3.7 3 2.9 2.6 1.5 2.2 2.9 4.4 6.3 7.7 9.1 10.2 10.3 11.2 12.6 13.9 15.3 17.1 20.6 25.2 33 41.9 52.1 61.8 68.1 73.4 76.6 80.2 83.7 86 87.3 88.4 93.3 97.3 105.2 102.4 102.5 107.3 127.9 127.6 126.5 129.8 122.6 122.2 121.8 122.5
0 0 0 0 0.4 0.7 1 1.3 1.7 3.9 13.7 6.1 9.8 17.1 11.4 19.1 22.5 23.3 9.8 7.5 6.8 7.2 6.6 6.8 7.2 8 9.9 9.3 10.6 10.6 8.2 7.8 7.6 7.5 7.7 7.5 7.3 7 6.8 6.7 6.6 6.4 6.3 6.2 6.1 6 5.9 5.9 5.2 4.3 2.7 2.9 2.9 3 3.2 3.6 3.9 6 6.9 8.2 9.7 9.8 10.2 11 12.1 13.7 15.6 18.3 21.6 25.1 31.6 41.9 53.3 63 70.3 75.2 78.9 82.2 84.2 86.6 87.6 88.4 93.8 96.1 101 102 101.3 102.6 114.9 126.6 123.7 124 120.8 119.9 120.6 121.5
0 0 0 0 0.3 0.6 0.9 1.2 1.5 1.9 12.6 10.8 13.9 9.2 5.8 5.9 6.6 18.6 14.2 7.1 7 8 6.7 6.6 7 8.6 8 12 9.9 12.3 8.7 8.1 7.8 7.7 7.9 7.6 7.3 7 6.8 6.7 6.6 6.5 6.3 6.2 6.2 6.1 6.1 5.9 5.1 4.2 2.1 2.4 2.9 1.8 3.2 4 4.7 7.1 7.9 8.8 9.8 9.3 9.7 10.6 12.3 14.1 16.1 18.6 21.1 24.9 30.6 41.9 51.8 62.9 70.1 75.5 80.3 84 85.8 86.7 87.4 87.3 91.8 94.2 97 100.8 99.6 99.3 103.9 119.1 119.9 118.6 118.6 119.4 120.3 121.6
0 0 0 0 0.2 0.5 0.8 1.1 1.4 1.7 3.3 14.9 11.4 4.6 5 5.2 6.8 15.5 17.2 10.7 8.1 7.6 6.7 6.6 7 8 7.7 9.9 7.8 16.7 9.6 8.6 8.1 8 7.9 7.6 7.3 7 6.8 6.7 6.6 6.5 6.4 6.4 6.3 6.2 6.2 5.9 5 4.2 2.3 2.2 2.1 2.1 3.2 3.8 6.2 7.7 9 10.2 9.8 10.4 10.9 11 12.9 14.2 16.6 19.1 21.7 25.9 30.8 40 51.3 61.8 69.1 73.8 79.6 85.1 87.5 87.9 86.1 85.8 89.1 90.1 92.5 94.4 91.6 94.8 96.3 111.5 112.8 108.8 117.7 119 120.5 122.5
0 0 0 0 0 0.3 0.6 0.9 1.2 1.5 1.8 11.7 11.1 4.2 4.5 5 7 10.2 17.7 17.5 9.7 13.1 8.2 8.4 7.6 8.4 7.5 8.1 8.6 11.4 9 8.2 8.4 8.2 7.9 7.6 7.3 7.1 6.9 6.7 6.7 6.6 6.6 6.5 6.4 6.4 6.3 5.8 5 4.3 2.6 2.4 2.3 2.4 3 4.1 6.4 7.6 9.3 10.1 10.3 10.8 11.3 11.5 13.4 15.2 18.3 21.4 24.5 27.4 31.6 38.7 51.3 60.3 68.5 74.2 78.1 83.1 87.1 87 85.3 83.9 85.8 85.4 83.5 76.2 94.5 102.8 102.7 99.2 106.1 117.2 121.1 122.3 125 128.4
0 0 0 0 0 0.2 0.5 0.7 1 1.3 1.6 3.4 13.9 5.3 4.9 4.8 7.7 14.4 20.1 22.5 25.2 17 15.9 8.9 7.6 8.5 8.2 8.6 17.9 16.7 11.2 9.7 8 8.2 8 7.7 7.4 7.1 7 7 6.9 6.8 6.8 6.7 6.7 6.6 6.5 5.8 5.2 4.6 2.7 2.6 2.4 2.7 3.7 4.8 5.6 6.1 7.9 9.5 10.4 11.2 11.3 12 14.5 17.3 20 23.7 27 30.3 33.2 38.8 50 59.9 68.6 74 77.8 80.8 83.2 84.2 82.9 80 71.3 64.8 66.7 88.6 100.4 105.6 108.7 112.5 116.9 119.4 127.4 129 132.3 134.7
0 0 0 0 0 0 0.3 0.6 0.8 1.1 1.4 1.7 7.2 11.7 4.6 5.6 5.4 5.4 7 16.5 11.3 12.8 19.8 14.8 8 8 7.4 10.4 18.8 21.8 22.9 9.5 8.9 8 8 7.7 7.5 8 8 8.1 7.5 7.4 7.4 7.3 7.2 7 6.4 5.8 5.1 4.3 3.3 2.9 2.6 3.1 4.5 5.5 6.1 7.3 8.2 10.1 9.9 10.4 12 12.8 15.3 18 20.7 24.4 27.3 31.3 34.4 39.3 48.3 58.4 67.2 73.6 76.1 78.1 79.8 80.4 76.1 66.5 62.1 66.3 83 91.5 99.4 108.2 113.6 118.1 120.9 127.1 132.1 133 136.4 139
0 0 0 0 0 0 0 0.4 0.7 1 1.3 1.6 2.6 15.4 6.4 5 7.1 5.2 6.4 7.6 5.6 6 10 16.4 8.4 8.3 7.5 10.7 8.3 8.1 8.9 15.5 8.1 8.4 8.2 7.7 7.8 7.8 7.9 7.9 8 8.1 7.9 7.9 7.4 6.9 6.3 5.7 5.1 3.4 2.6 2.6 2.7 1.6 3.5 5.4 7.1 8.4 9.5 10.5 10.7 11.1 12.1 13.2 15.2 17.6 19.7 22.5 25.4 29.3 33.8 39.6 46.9 55.8 64.6 70.1 73.4 74.6 74.8 72.6 65.9 60.6 67.1 77.4 82.3 86.5 99 106.9 114.6 119.5 124.2 130.9 135.5 137.2 140.1 142.2
0 0 0 0 0 0 0 0.2 0.5 0.8 1.1 1.4 1.7 7.1 11.3 4.8 4.6 4.6 6.8 5.7 5.3 6 6.3 14.7 10.7 7.4 7.5 7.6 7.8 8.3 8.6 14 9.9 8.5 8.9 7.8 7.7 7.6 7.7 7.8 7.8 7.9 8.2 8 7.5 7 6.4 5.8 5.2 2.6 2.6 2.8 2.5 2.1 2.5 4.4 6.2 7.7 9.2 10 10.4 11.1 11.2 13.1 14.6 16.5 18.6 20 22.7 26.1 31 36.4 42.5 51.3 60.1 65.3 67.6 67.1 64.4 60.1 58.4 60.9 75.9 81 84.6 89.5 98.7 106 113.1 118.1 125.4 130.8 136 137.7 141 142.4
0 0 0 0 0 0 0 0 0.3 0.6 0.9 1.2 1.5 1.9 15.7 6 5.3 5.4 6.1 6 5.6 6.9 6.3 10.5 7.9 7.5 9.2 7.5 7.7 7.9 14.3 14 9.1 8.9 8.2 8.1 7.7 7.6 7.5 7.6 8.1 8.2 8 7.9 7.5 7 6.5 5.9 5.2 2.4 3.4 3 2.3 1.9 1.7 3.3 5.1 6.9 8.3 9.3 9.4 9.7 11 13 14.6 15.9 17.5 18.7 21.1 24.9 28.8 33.7 38.9 46.5 55.1 59.1 57.5 54.4 52 55 58 68.7 77.5 82.5 86.4 92.4 99.8 105.8 111.5 116.6 124 129.6 132.7 136.7 138.3 140.9
0 0 0 0 0 0 0 0 0 0.4 0.7 1 1.3 1.6 3 14.8 4.4 4.8 5.7 5.8 5.5 5.8 18.1 7.6 7.1 9.4 7.4 7.8 7.7 7.7 11.7 11.1 11.5 8.3 8 8.1 7.9 7.9 8 8.4 8.3 8.1 7.9 7.8 7.6 7.1 6.6 6 5.3 2.9 3 3 2.3 2.2 2.9 2.9 4.6 5.7 6.6 7.1 7.8 9.2 10.6 12.6 14.6 16 19 21.2 21.5 23.8 27.7 30.9 35.7 38.8 46.4 47.4 46.1 48.4 55.4 63.3 68 72.7 78.9 83.6 88.1 93.5 98.9 104.3 108.5 113.6 120.3 125.6 132.5 136.1 138.4 139.7
